time	live	death
0	40	0
2	40	0
4	40	0
6	40	0
8	80	0
10	80	0
12	80	0
14	139	0
16	145	0
18	145	0
20	144	1
22	157	3
24	194	3
26	196	8
28	194	12
30	187	21
32	183	29
34	188	36
36	185	45
38	184	50
40	179	58
42	176	66
44	166	79
46	157	90
48	145	104
50	136	116
52	122	132
54	115	139
56	107	148
58	100	156
60	93	165
62	90	169
64	78	181
66	69	191
68	66	194
70	61	199
72	59	201
74	57	204
76	47	214
78	42	219
80	39	222
82	36	225
84	33	228
86	31	230
88	29	232
90	26	235
92	22	239
94	19	242
96	15	246
98	13	248
100	13	248
102	13	248
104	11	250
106	11	250
108	11	250
110	10	251
112	10	251
114	10	251
116	10	251
118	9	252
120	8	253
122	7	254
124	6	255
126	6	255
128	6	255
130	5	256
132	5	256
134	5	256
136	5	256
138	4	257
140	4	257
142	4	257
144	4	257
146	4	257
148	4	257
150	4	257
152	4	257
154	3	258
156	2	259
158	2	259
160	2	259
162	2	259
164	2	259
166	2	259
168	2	259
170	2	259
172	2	259
174	2	259
176	2	259
178	2	259
180	2	259
182	2	259
184	2	259
186	2	259
188	2	259
190	2	259
192	2	259
194	2	259
196	2	259
198	2	259
200	2	259
202	2	259
204	2	259
206	2	259
208	2	259
210	2	259
212	2	259
214	2	259
216	2	259
218	2	259
220	1	260
222	1	260
224	1	260
226	1	260
228	1	260
230	1	260
232	1	260
234	1	260
236	1	260
238	1	260
240	1	260
242	1	260
244	1	260
246	0	261
248	0	261
250	0	261
252	0	261
254	0	261
256	0	261
258	0	261
260	0	261
262	0	261
264	0	261
266	0	261
268	0	261
270	0	261
272	0	261
274	0	261
276	0	261
278	0	261
280	0	261
282	0	261
284	0	261
286	0	261
288	0	261
290	0	261
292	0	261
294	0	261
296	0	261
298	0	261
