time	live	death
0	40	0
2	40	0
4	40	0
6	40	0
8	80	0
10	80	0
12	80	0
14	130	0
16	134	0
18	134	0
20	133	1
22	138	6
24	153	9
26	161	12
28	153	21
30	151	25
32	147	34
34	141	42
36	136	52
38	131	58
40	128	62
42	120	70
44	113	79
46	106	87
48	98	96
50	93	101
52	88	106
54	82	112
56	78	116
58	68	127
60	62	133
62	58	137
64	56	140
66	51	145
68	46	150
70	38	158
72	34	162
74	30	166
76	29	167
78	25	171
80	24	172
82	23	173
84	21	175
86	19	177
88	17	179
90	16	180
92	15	181
94	15	181
96	14	182
98	13	183
100	11	185
102	11	185
104	11	185
106	11	185
108	11	185
110	10	186
112	8	188
114	7	189
116	7	189
118	7	189
120	7	189
122	7	189
124	7	189
126	7	189
128	7	189
130	6	190
132	6	190
134	6	190
136	6	190
138	5	191
140	4	192
142	4	192
144	4	192
146	3	193
148	3	193
150	3	193
152	3	193
154	3	193
156	3	193
158	3	193
160	2	194
162	1	195
164	1	195
166	1	195
168	1	195
170	1	195
172	1	195
174	1	195
176	1	195
178	1	195
180	1	195
182	1	195
184	1	195
186	1	195
188	1	195
190	0	196
192	0	196
194	0	196
196	0	196
198	0	196
200	0	196
202	0	196
204	0	196
206	0	196
208	0	196
210	0	196
212	0	196
214	0	196
216	0	196
218	0	196
220	0	196
222	0	196
224	0	196
226	0	196
228	0	196
230	0	196
232	0	196
234	0	196
236	0	196
238	0	196
240	0	196
242	0	196
244	0	196
246	0	196
248	0	196
250	0	196
252	0	196
254	0	196
256	0	196
258	0	196
260	0	196
262	0	196
264	0	196
266	0	196
268	0	196
270	0	196
272	0	196
274	0	196
276	0	196
278	0	196
280	0	196
282	0	196
284	0	196
286	0	196
288	0	196
290	0	196
292	0	196
294	0	196
296	0	196
298	0	196
