time	sibling1	mother
0	17.2599089068948	5.39141938259463
1	26.5374049236585	5.39141938259463
2	5.95036425585084	4.74390265549673
3	10.8848925546573	4.74390265549673
4	22.2546970321497	5.42137672031177
5	13.5312162098216	5.42137672031177
6	13.6634429249676	4.9463157057642
7	4.79108979414027	4.9463157057642
8	11.4179061528224	5.4354658362283
9	7.21133530275883	5.4354658362283
10	6.3714242448637	6.58686452865453
11	6.51992761641666	6.58686452865453
12	3.1033658349917	6.51285005993042
13	23.054005631292	7.7109975902188
14	25.9837744381989	7.7109975902188
15	10.2037689329873	8.21284598926005
16	1.72090311257081	8.21284598926005
17	18.7298763468071	3.1033658349917
18	9.2103598703612	3.1033658349917
19	6.6777298221068	8.39322383671356
20	4.57879019937931	8.39322383671356
21	3.88884048428756	8.32877860936706
22	14.1814408930764	8.32877860936706
23	14.1129615962782	8.72350096712593
24	7.57775376673292	8.72350096712593
25	27.5707299401905	9.44586442585305
26	16.4273389958936	9.44586442585305
27	15.4565947135539	1.72090311257081
28	10.4333880927591	1.72090311257081
29	5.79943068030901	10.1559800235779
30	8.7069147628776	10.1559800235779
31	11.0548357996301	11.9462087178615
32	1.68390419435762	11.9462087178615
33	3.68003279028612	6.3714242448637
34	3.31866215902822	6.3714242448637
35	3.3479201749722	6.51992761641666
36	18.4006863410039	13.9929363210036
37	5.53215054336604	13.9929363210036
38	2.67465222995535	12.923433709727
39	10.0054238648464	12.923433709727
40	7.4970625005111	13.1894206079727
41	10.9022901697168	13.1894206079727
42	3.72726667324056	4.57879019937931
43	5.89725029567562	4.57879019937931
44	6.32897687188874	3.88884048428756
45	10.4803073743872	3.88884048428756
46	13.4149645285509	12.1269085664894
47	17.0637676188664	12.1269085664894
48	8.61732221274382	1.68390419435762
49	11.3720388004625	1.68390419435762
50	14.5010938169791	12.6679618631973
51	8.33656166195028	12.6679618631973
52	8.58384211974776	7.21133530275883
53	15.2142299904946	7.21133530275883
54	18.461876607797	15.2407064275417
55	3.75861966714324	15.2407064275417
56	3.95565360152954	2.67465222995535
57	13.8351374762595	2.67465222995535
58	10.1458601347299	6.6777298221068
59	15.0087004115465	6.6777298221068
60	26.3373668160338	5.79943068030901
61	9.335634298581	5.79943068030901
62	14.4016381490676	10.8848925546573
63	4.96128031806811	15.3326000622316
64	6.61802089537747	15.3326000622316
65	17.1418163388403	14.7537920721112
66	11.2362134777704	14.7537920721112
67	4.14139483963864	15.2654407258334
68	4.36169241328506	15.2654407258334
69	4.61280189979331	14.9994522926816
70	14.5930482305069	14.9994522926816
71	10.8303154658627	3.68003279028612
72	8.21176019562426	3.68003279028612
73	13.0453445769066	3.31866215902822
74	13.4876194806359	3.3479201749722
75	7.56903108211702	16.1383235941844
76	2.80643367033148	16.1383235941844
77	12.0790184199452	16.3371405600908
78	6.46862021016777	16.3371405600908
79	8.49903179519117	3.72726667324056
80	5.08193886869766	16.2211817373644
81	1.98694405178987	16.2211817373644
82	9.34688055954783	16.3444100810993
83	5.69703376557391	16.3444100810993
84	18.6375867108218	11.4179061528224
85	16.7733119077517	7.57775376673292
86	3.40045743656573	7.57775376673292
87	14.6779429890268	2.80643367033148
88	6.52674930344503	2.80643367033148
89	9.97200598689275	10.2037689329873
90	19.7620490746564	10.2037689329873
91	9.16394434192554	5.53215054336604
92	6.22842909792951	5.53215054336604
93	22.9561103860644	9.2103598703612
94	17.0002165981274	9.2103598703612
95	11.5319993111333	3.75861966714324
96	1.16908553092933	3.75861966714324
97	11.238890441572	3.95565360152954
98	3.20070760545685	3.95565360152954
99	25.0400634203443	5.89725029567562
100	21.6638818209471	1.98694405178987
101	1.09278963111902	1.98694405178987
102	1.93171146549614	8.7069147628776
103	15.6913088710431	8.7069147628776
104	8.90665009939489	6.32897687188874
105	5.53174099020381	13.5312162098216
106	7.93891146711578	13.6634429249676
107	6.40065935671896	18.9660989240513
108	9.68170930578002	18.9660989240513
109	8.32539308181177	3.40045743656573
110	15.7489247522899	4.14139483963864
111	8.41035816026183	4.14139483963864
112	7.5819774064097	4.36169241328506
113	6.17837932606831	4.36169241328506
114	7.34846735238636	4.61280189979331
115	2.14778417951385	4.61280189979331
116	0.594435620735327	18.908878089373
117	2.62391668605951	18.908878089373
118	12.1640841815306	21.150872899858
119	10.5324806045907	21.150872899858
120	8.52614902713077	10.4333880927591
121	15.9774686524142	10.4333880927591
122	10.3994698427345	21.0326011570964
123	8.75548503965597	21.0326011570964
124	10.9031782334777	1.16908553092933
125	14.0142200198154	1.16908553092933
126	16.1036331393217	7.4970625005111
127	18.6379305751534	7.4970625005111
128	2.67194155477374	5.08193886869766
129	6.18010143901257	5.08193886869766
130	4.976006939236	1.09278963111902
131	11.7675002979809	1.09278963111902
132	7.69444329324974	1.93171146549614
133	17.7576117931734	4.96128031806811
134	5.95714602746004	4.96128031806811
135	25.1273712175905	6.61802089537747
136	6.14254037337846	6.61802089537747
137	4.04195776134269	20.102671477347
138	1.06127220146812	20.102671477347
139	5.85193266898036	20.0529713101668
140	15.0123586963208	20.0529713101668
141	17.511519405182	20.0572957991627
142	11.4620089446105	20.0572957991627
143	0.682998450722883	8.33656166195028
144	2.52685616421117	8.33656166195028
145	9.81472973521776	21.17410111069
146	1.89307821188784	21.17410111069
147	21.7139186496405	2.14778417951385
148	14.5482198821286	2.14778417951385
149	4.75567853355481	0.594435620735327
150	6.96609116217307	0.594435620735327
151	5.44140585385896	2.62391668605951
152	3.27406056936427	2.62391668605951
153	11.5575157395642	17.2599089068948
154	7.47545900656659	17.2599089068948
155	15.0789195591336	7.56903108211702
156	5.20825450218984	7.56903108211702
157	11.0232374227504	6.46862021016777
158	8.8543521055074	6.46862021016777
159	10.213634406268	3.20070760545685
160	32.479279265576	10.0054238648464
161	3.6403004464109	10.0054238648464
162	4.37506366493271	2.67194155477374
163	1.20391250696832	2.67194155477374
164	7.40308413391811	10.4803073743872
165	1.79108850749935	14.1814408930764
166	9.45765517890388	14.1814408930764
167	18.0880003724391	1.06127220146812
168	13.041930965244	1.06127220146812
169	3.24442288942349	22.2955426195364
170	8.47225895049301	22.2955426195364
171	19.0424747013759	5.69703376557391
172	22.8619483810749	5.69703376557391
173	8.97104181844785	11.0548357996301
174	5.33615289115203	11.0548357996301
175	1.5020830383749	8.61732221274382
176	10.7289922922785	8.61732221274382
177	2.27556339070035	23.4941567785462
178	26.9809591500914	23.4941567785462
179	8.94375648782487	0.682998450722883
180	9.11514336722165	0.682998450722883
181	6.12582450814605	2.52685616421117
182	19.7146073770624	2.52685616421117
183	1.08650306603853	14.1129615962782
184	10.4674518943412	14.1129615962782
185	9.95572552447494	1.89307821188784
186	7.01419830667947	1.89307821188784
187	24.1506273400576	8.21176019562426
188	6.94280831857737	6.52674930344503
189	18.2512824389319	6.52674930344503
190	4.86768011352109	15.4565947135539
191	14.9361692116939	15.4565947135539
192	13.8069208217526	6.22842909792951
193	14.3918501194064	6.22842909792951
194	17.4360457885073	24.7239979938738
195	6.56186057051985	24.7239979938738
196	11.8106346967902	10.9022901697168
197	9.20604714152219	10.9022901697168
198	16.5669696827942	8.49903179519117
199	2.87740654442017	1.20391250696832
200	13.9731962893122	1.20391250696832
201	5.60483558615088	4.976006939236
202	16.4902736023511	4.976006939236
203	21.2365284998454	9.335634298581
204	7.11440137035076	9.335634298581
205	5.58543836972772	4.04195776134269
206	8.19871229750405	4.04195776134269
207	19.5524933497259	3.24442288942349
208	4.81867491065262	3.24442288942349
209	21.4282233332281	11.2362134777704
210	12.1297606493652	11.2362134777704
211	7.22432911186375	5.85193266898036
212	11.429563927481	5.85193266898036
213	1.26037929849133	13.4149645285509
214	16.5634688095381	13.4149645285509
215	4.22999179083175	9.34688055954783
216	5.42618612016718	9.34688055954783
217	3.04429455377356	11.3720388004625
218	14.4352464119254	11.3720388004625
219	6.7999807312382	2.27556339070035
220	8.24675522277952	2.27556339070035
221	16.4361416311694	6.40065935671896
222	8.8459657927818	6.40065935671896
223	24.8609322777529	1.08650306603853
224	10.41342984935	6.17837932606831
225	14.7285950113636	6.17837932606831
226	12.3101526757135	16.4273389958936
227	5.06355788140558	16.4273389958936
228	8.08220444111271	4.75567853355481
229	15.4284104260948	4.75567853355481
230	8.74362281394732	3.27406056936427
231	2.02627548065457	3.27406056936427
232	9.10291135220849	3.6403004464109
233	16.4655382077741	3.6403004464109
234	4.28353704567593	6.18010143901257
235	3.95118578738847	6.18010143901257
236	16.7745814781753	5.95714602746004
237	10.9367608829336	5.95714602746004
238	24.0643170844093	8.90665009939489
239	20.2249569708423	7.93891146711578
240	4.13065734527795	1.26037929849133
241	12.7731876467573	1.26037929849133
242	4.76346369298108	14.5010938169791
243	2.50420455961902	14.5010938169791
244	12.8330266771306	8.41035816026183
245	2.78687228700184	7.5819774064097
246	13.6150820183408	7.5819774064097
247	8.91497592658756	7.34846735238636
248	6.91294554182292	7.34846735238636
249	20.083088175263	6.96609116217307
250	2.49542767513516	6.96609116217307
251	8.65502229046342	5.44140585385896
252	9.6149102026372	5.44140585385896
253	7.31922322451819	2.02627548065457
254	14.2819572829679	2.02627548065457
255	19.6624057163833	13.4876194806359
256	16.5231150408273	5.20825450218984
257	7.1461235831562	5.20825450218984
258	13.2965599275474	9.97200598689275
259	21.8575590495855	9.97200598689275
260	21.9613304188575	8.52614902713077
261	19.0613405393937	9.16394434192554
262	17.7917652487019	9.16394434192554
263	5.6675308002112	12.0790184199452
264	9.10970097292203	12.0790184199452
265	0.0564435985878387	8.75548503965597
266	9.46426979407801	8.75548503965597
267	3.04910054984572	13.8351374762595
268	3.97223892719081	4.37506366493271
269	6.54524336964313	4.37506366493271
270	24.3933166608814	2.87740654442017
271	14.7188850128179	5.60483558615088
272	15.6362803034326	7.69444329324974
273	5.03196572299021	6.14254037337846
274	12.4627266907457	6.14254037337846
275	2.4222734106967	5.58543836972772
276	0.700603712727083	5.58543836972772
277	8.1323268560063	17.0637676188664
278	5.14003665930234	17.0637676188664
279	1.23800668831589	4.22999179083175
280	2.83354993541855	4.22999179083175
281	12.6284838701675	5.33615289115203
282	4.39646392344643	5.33615289115203
283	16.913581135844	3.04429455377356
284	22.3609512667959	3.04429455377356
285	6.66441787409481	2.50420455961902
286	10.6904975986735	2.50420455961902
287	13.345740858816	9.68170930578002
288	3.35463314473852	9.68170930578002
289	17.960263149026	8.32539308181177
290	7.91925384975892	2.78687228700184
291	7.05607503087722	14.5930482305069
292	4.72556068742145	14.5930482305069
293	10.1303205542681	2.49542767513516
294	2.54155053827661	2.49542767513516
295	6.49319970800207	10.5324806045907
296	16.1720857926799	10.5324806045907
297	20.4380483963693	7.47545900656659
298	9.10090942114067	26.5374049236585
299	24.6700221456885	4.86768011352109
300	10.1901435737849	8.8543521055074
301	3.47286208719193	8.8543521055074
302	8.99299079323627	10.3994698427345
303	15.3099720262329	10.3994698427345
304	5.22250901927677	0.0564435985878387
305	8.19427631046479	6.56186057051985
306	13.9463164329007	6.56186057051985
307	18.2885022046374	11.5319993111333
308	4.15998111887287	11.5319993111333
309	14.4676307748786	11.238890441572
310	8.37683317024915	11.238890441572
311	12.872823759197	15.0087004115465
312	2.50609497234491	4.28353704567593
313	21.2452370095938	4.28353704567593
314	7.81747548247846	3.95118578738847
315	7.33409088045644	3.95118578738847
316	6.0709602136854	11.7675002979809
317	18.0373824517615	9.45765517890388
318	4.91948393860786	0.700603712727083
319	9.67397343430679	0.700603712727083
320	8.84959255792482	4.81867491065262
321	13.5127780292244	4.81867491065262
322	12.6905949604712	8.47225895049301
323	5.55784024416985	8.47225895049301
324	20.825865870733	17.1418163388403
325	16.488022823265	17.1418163388403
326	7.44351808778354	11.4620089446105
327	17.3481181067993	11.4620089446105
328	24.2898724663207	23.054005631292
329	3.25485622163494	23.054005631292
330	10.7808298546282	4.13065734527795
331	6.95352806882419	1.23800668831589
332	5.65685936948414	1.23800668831589
333	2.2632644740972	5.42618612016718
334	7.06671453903128	5.42618612016718
335	3.8856013392892	8.97104181844785
336	21.0503121351585	8.97104181844785
337	12.4581906070671	4.76346369298108
338	2.09376848974647	4.76346369298108
339	15.1754914735559	8.94375648782487
340	11.194687309858	9.11514336722165
341	12.8569977035354	9.11514336722165
342	7.71275964063325	9.81472973521776
343	8.24282859704356	9.81472973521776
344	1.36389070850975	7.01419830667947
345	19.416779415792	7.01419830667947
346	5.68626398176198	5.06355788140558
347	12.0212953452653	5.06355788140558
348	8.95801728101377	2.54155053827661
349	8.0828387238659	12.1640841815306
350	5.32230604005365	12.1640841815306
351	11.7711212604678	14.6779429890268
352	6.67453324674959	14.6779429890268
353	4.54531172301953	6.94280831857737
354	6.47295745568002	6.94280831857737
355	6.64932512858277	18.4006863410039
356	2.34890206073343	18.4006863410039
357	3.22256669804554	11.0232374227504
358	2.54153402765541	11.0232374227504
359	16.550139486455	18.461876607797
360	1.05717600756295	18.461876607797
361	14.6511947652044	10.213634406268
362	12.5510974295075	3.04910054984572
363	18.6775182305254	3.04910054984572
364	8.61487824480663	9.20604714152219
365	25.4025282593158	3.97223892719081
366	12.5482591142991	5.03196572299021
367	2.05568129386804	2.4222734106967
368	1.70847859052548	2.4222734106967
369	15.4039746870187	8.19871229750405
370	5.49356457283269	8.19871229750405
371	15.7149458411908	7.22432911186375
372	10.4362723064956	7.22432911186375
373	5.60330623604393	25.9837744381989
374	2.31542897355333	25.9837744381989
375	5.01952192635489	2.83354993541855
376	18.4759445063515	2.83354993541855
377	23.5030189226342	2.2632644740972
378	19.06740764928	2.2632644740972
379	8.3946757054332	4.39646392344643
380	11.038766376299	4.39646392344643
381	16.397382999502	10.7289922922785
382	6.1408810423777	6.7999807312382
383	8.26935061864559	6.7999807312382
384	17.991424874352	3.35463314473852
385	21.3662144892293	3.35463314473852
386	15.1134590838209	10.4674518943412
387	7.45360689477035	10.4674518943412
388	8.16585869479489	16.7733119077517
389	10.8452324994	16.7733119077517
390	17.1753513435409	9.95572552447494
391	2.57573668160204	9.95572552447494
392	6.62660872990028	1.36389070850975
393	6.76176296317842	1.36389070850975
394	7.77718486795365	6.91294554182292
395	9.17174642025245	8.08220444111271
396	1.93555421075217	8.74362281394732
397	1.30093552325922	8.74362281394732
398	8.41661052508286	2.34890206073343
399	3.18942812833902	2.34890206073343
400	5.48564278234485	5.6675308002112
401	8.92405282124193	5.6675308002112
402	11.2792876475956	3.47286208719193
403	12.1255731796458	3.47286208719193
404	17.6273355751316	5.22250901927677
405	4.48224796961163	5.22250901927677
406	6.53064621179534	1.05717600756295
407	23.7102028967005	1.05717600756295
408	17.327894657693	4.15998111887287
409	5.98535532264422	4.15998111887287
410	8.40399063617947	14.0142200198154
411	16.4127571772502	14.0142200198154
412	5.91814962347568	9.10291135220849
413	13.0005730739777	11.8106346967902
414	6.87797041641982	11.8106346967902
415	7.60875914489597	6.54524336964313
416	9.22006032641639	2.50609497234491
417	13.4196066369659	2.50609497234491
418	16.2672416968129	2.05568129386804
419	18.975587739477	1.70847859052548
420	8.63225026207689	1.70847859052548
421	15.5128295525796	4.91948393860786
422	8.02949988304176	4.91948393860786
423	2.64683791823103	13.041930965244
424	22.6598874959917	13.041930965244
425	3.64356623568205	15.0123586963208
426	1.84387357017677	15.0123586963208
427	4.30496265281282	5.14003665930234
428	2.78519838539169	5.14003665930234
429	12.0783137647083	3.8856013392892
430	6.72770656939498	3.8856013392892
431	17.9948138697065	8.24675522277952
432	1.14651468259658	8.24675522277952
433	14.6372232135274	2.09376848974647
434	6.4845222547556	8.8459657927818
435	1.7853206759276	8.8459657927818
436	6.72217299127996	2.57573668160204
437	13.3037829930874	2.57573668160204
438	2.90682521723781	15.7489247522899
439	15.3175584259622	15.7489247522899
440	12.8878496423019	8.91497592658756
441	6.92645755590785	8.91497592658756
442	12.101633950912	4.72556068742145
443	11.0075557762138	4.72556068742145
444	3.93811936008521	8.65502229046342
445	6.5765291303969	8.65502229046342
446	20.6730743356684	1.93555421075217
447	13.8989312895854	1.93555421075217
448	7.62245599548696	1.30093552325922
449	9.04235192110676	1.30093552325922
450	13.5416721847716	7.1461235831562
451	18.0960565012901	7.1461235831562
452	7.07793358677443	4.54531172301953
453	14.2018435790324	15.9774686524142
454	11.2988711787015	3.18942812833902
455	13.6204701654763	9.10970097292203
456	0.352887027660298	9.10970097292203
457	3.0694897796134	3.22256669804554
458	6.60326342062932	3.22256669804554
459	20.0273196594006	2.54153402765541
460	27.4342101643154	2.54153402765541
461	10.7190571796741	16.1036331393217
462	8.28856222750527	16.1036331393217
463	10.1675368869015	6.0709602136854
464	12.3535053471224	6.0709602136854
465	2.78431897043825	5.49356457283269
466	5.02177612911915	5.49356457283269
467	3.69309750400865	2.64683791823103
468	17.6879402897227	2.64683791823103
469	6.58767502440182	5.55784024416985
470	6.79952466659868	5.55784024416985
471	0.704985181378827	11.429563927481
472	15.2731366744377	11.429563927481
473	4.43791281919736	1.84387357017677
474	25.4395294168334	1.84387357017677
475	0.246667152831412	17.511519405182
476	4.62600504707599	17.511519405182
477	11.9752573417972	2.31542897355333
478	7.83582857899084	8.1323268560063
479	7.43224954013588	8.1323268560063
480	7.21447143336058	5.65685936948414
481	9.18063591822413	5.65685936948414
482	11.7180041264866	5.01952192635489
483	11.4079204672025	5.01952192635489
484	1.57328191007945	1.14651468259658
485	14.5494394706037	1.14651468259658
486	14.7730806162857	1.7853206759276
487	5.04409592240442	1.7853206759276
488	10.0845532637774	10.41342984935
489	5.83742168553182	14.5482198821286
490	14.3153455300989	7.05607503087722
491	6.39340114089988	7.05607503087722
492	7.43725537480866	27.5707299401905
493	1.15324997318522	27.5707299401905
494	22.5644587584862	5.68626398176198
495	14.459122829052	9.6149102026372
496	3.15080270247433	9.6149102026372
497	4.92010420712232	5.32230604005365
498	14.9924562308116	5.32230604005365
499	11.3466397264268	6.49319970800207
500	4.31708046748042	15.0789195591336
501	1.85893024006214	15.0789195591336
502	6.68591703986529	6.47295745568002
503	5.95893440298541	19.7620490746564
504	5.27191935299297	19.7620490746564
505	4.35208383255027	6.64932512858277
506	7.0945772874197	6.64932512858277
507	5.35205526552073	13.8069208217526
508	7.20668613614357	13.8069208217526
509	3.99250401451073	5.48564278234485
510	7.4684766275715	5.48564278234485
511	10.6688626918594	0.352887027660298
512	2.03811900403046	0.352887027660298
513	12.8148386818617	4.48224796961163
514	15.5760848993007	4.48224796961163
515	2.85081794024971	9.46426979407801
516	0.257355110625836	9.46426979407801
517	16.0975431142094	8.19427631046479
518	5.06923215465909	8.19427631046479
519	14.8239687639647	18.6379305751534
520	1.11409031467422	18.6379305751534
521	15.2883785105086	13.9731962893122
522	21.2728462143543	13.9731962893122
523	11.6413993118569	7.33409088045644
524	7.0724264758515	7.33409088045644
525	2.69406194530615	21.6638818209471
526	2.07568498708	21.6638818209471
527	9.96442803123317	17.7576117931734
528	6.78572648009857	17.7576117931734
529	20.1995783565335	18.0880003724391
530	7.43138101524587	18.0880003724391
531	15.8084355743243	8.84959255792482
532	6.80911441004485	8.84959255792482
533	10.1102669838887	12.1297606493652
534	7.88861217980697	12.1297606493652
535	5.90997303976644	0.704985181378827
536	19.7564013254851	0.704985181378827
537	8.7277459765214	3.64356623568205
538	4.34023478513187	3.64356623568205
539	3.5872098432133	0.246667152831412
540	3.68601717818538	0.246667152831412
541	7.83208702561335	7.44351808778354
542	15.1811661879643	7.44351808778354
543	8.23121637966091	5.60330623604393
544	24.9429485323977	12.7731876467573
545	23.2141695361861	4.30496265281282
546	10.6801207578718	4.30496265281282
547	13.0253311621039	6.95352806882419
548	4.09845783416887	7.06671453903128
549	4.65783154447189	7.06671453903128
550	7.40867307474066	14.4352464119254
551	5.40647306263384	6.1408810423777
552	4.15490633042799	6.1408810423777
553	19.1030276044444	1.57328191007945
554	33.0659714626663	1.57328191007945
555	3.68497803217938	7.71275964063325
556	0.411208876942959	7.71275964063325
557	10.8852681108856	8.24282859704356
558	0.247035651663181	8.24282859704356
559	21.2673140139666	6.76176296317842
560	14.687110604441	6.76176296317842
561	5.15153551099158	12.3101526757135
562	7.69663646252441	12.3101526757135
563	15.4053870068107	15.4284104260948
564	8.60593844364076	15.4284104260948
565	6.26247593352863	10.1303205542681
566	8.33337144396433	3.93811936008521
567	11.4380637300274	3.93811936008521
568	7.76407481102989	3.15080270247433
569	22.0418788379149	3.15080270247433
570	3.15690579828333	8.0828387238659
571	1.41573729839401	8.0828387238659
572	13.1411694805442	9.10090942114067
573	5.58470558966197	1.85893024006214
574	9.15007540294328	1.85893024006214
575	1.35858541634896	6.67453324674959
576	1.99288035209952	6.67453324674959
577	10.2708557218897	2.03811900403046
578	10.8412015930838	2.03811900403046
579	14.4473746524499	3.0694897796134
580	9.92617246971126	3.0694897796134
581	1.2992293845659	10.1901435737849
582	2.80813950962214	10.1901435737849
583	0.35556454198244	8.99299079323627
584	9.78652851541738	8.99299079323627
585	10.647542777629	0.257355110625836
586	11.1221616179835	0.257355110625836
587	6.49478434593911	6.53064621179534
588	12.3346337041332	6.53064621179534
589	8.87948494494382	1.11409031467422
590	12.5911896817244	8.61487824480663
591	8.88335558951036	8.61487824480663
592	12.057579126732	2.07568498708
593	5.57411449602173	2.07568498708
594	9.53428664728806	16.4902736023511
595	22.8413961766135	12.4627266907457
596	16.2540156411886	9.67397343430679
597	10.8388910680824	2.78431897043825
598	13.1992715295302	2.78431897043825
599	18.0388303921185	3.69309750400865
600	9.45859865315816	4.43791281919736
601	21.6669097672819	4.43791281919736
602	9.74139877000908	3.5872098432133
603	4.32954509633359	3.5872098432133
604	20.1696025861694	3.68601717818538
605	10.0701889922131	3.68601717818538
606	8.66143656307396	19.0424747013759
607	8.59933152885153	19.0424747013759
608	4.78055233705211	12.6284838701675
609	22.2212407578677	8.3946757054332
610	4.52439457649056	8.26935061864559
611	15.3411562800768	8.26935061864559
612	10.7567346648836	10.6904975986735
613	16.6519342134319	11.194687309858
614	4.144546469898	16.4361416311694
615	2.54057228989779	16.4361416311694
616	13.9216011454047	6.4845222547556
617	11.9529777131899	6.4845222547556
618	9.55479930948622	5.04409592240442
619	17.9756768981606	5.04409592240442
620	8.81660895289483	13.345740858816
621	7.57550048026974	13.345740858816
622	11.1521252781179	0.411208876942959
623	6.09207599880206	0.411208876942959
624	8.97026096617941	0.247035651663181
625	16.7402901707011	0.247035651663181
626	9.25946568978573	12.8330266771306
627	5.16939336698214	13.6150820183408
628	16.3662878338118	14.7285950113636
629	14.2837407246287	7.77718486795365
630	10.1962731196986	14.2819572829679
631	15.9276403278118	1.41573729839401
632	18.2984188676123	1.41573729839401
633	4.653372617154	4.92010420712232
634	3.71485423368589	4.92010420712232
635	7.26233529472947	4.31708046748042
636	4.56620106779134	4.31708046748042
637	16.5544143365011	1.35858541634896
638	12.9025925461969	1.99288035209952
639	14.453009262129	18.2512824389319
640	16.170641988406	18.2512824389319
641	10.2420628481209	4.35208383255027
642	6.97626923138968	4.35208383255027
643	12.8529471207406	8.41661052508286
644	10.0121428149856	8.41661052508286
645	14.2096976077811	3.99250401451073
646	8.39061163701203	3.99250401451073
647	2.62736474431999	8.92405282124193
648	10.9326231890757	8.92405282124193
649	16.1069642825164	1.2992293845659
650	8.32190975042411	1.2992293845659
651	7.86655536572276	0.35556454198244
652	14.5096596222465	0.35556454198244
653	8.39936606542343	2.85081794024971
654	3.80827843871183	2.85081794024971
655	7.39924086385209	17.4360457885073
656	13.6406434350287	17.4360457885073
657	18.2704496342631	8.40399063617947
658	6.00846590387586	6.87797041641982
659	5.26847847464865	6.87797041641982
660	12.3421922720914	12.872823759197
661	11.0073077385489	25.0400634203443
662	3.19076927926872	2.69406194530615
663	2.55583369215618	2.69406194530615
664	3.7041078878688	26.3373668160338
665	9.15068425599241	26.3373668160338
666	6.54595862055474	16.7745814781753
667	6.79136304356995	16.7745814781753
668	10.3327026462415	5.02177612911915
669	5.22558205564443	13.5127780292244
670	0.297549584740459	13.5127780292244
671	14.3225779868823	12.6905949604712
672	4.50422042014424	12.6905949604712
673	5.02765381137295	6.58767502440182
674	7.50952954730525	6.58767502440182
675	5.90455678156572	6.79952466659868
676	26.393963466905	6.79952466659868
677	4.63972604621022	10.4362723064956
678	6.90919616715779	5.90997303976644
679	7.84908280936953	5.90997303976644
680	6.61652230580702	4.34023478513187
681	13.4635298292651	4.62600504707599
682	8.22128886690591	4.62600504707599
683	10.6033031675337	16.5634688095381
684	3.57750921697629	16.5634688095381
685	20.611004479284	4.09845783416887
686	17.7258494519985	4.65783154447189
687	11.7010131049043	4.65783154447189
688	12.3899396540324	4.15490633042799
689	2.32121187450633	4.15490633042799
690	16.0086122118356	12.8569977035354
691	24.3539502463223	3.68497803217938
692	14.7949660815757	3.68497803217938
693	20.7317314836514	21.7139186496405
694	16.4242201132142	5.83742168553182
695	13.2389213564488	6.39340114089988
696	21.7172748745186	6.39340114089988
697	6.57899586938259	6.5765291303969
698	11.1588038464017	6.5765291303969
699	13.9594369378442	3.15690579828333
700	10.4012492213896	3.15690579828333
701	7.42369368981938	16.5231150408273
702	11.8930728722304	11.7711212604678
703	3.13108795912749	11.7711212604678
704	14.5946562854644	5.95893440298541
705	8.6574868311417	2.62736474431999
706	15.9952286742738	2.80813950962214
707	20.1853046114781	2.80813950962214
708	22.6675925056574	3.80827843871183
709	9.82637709332731	3.80827843871183
710	8.19155957831725	5.06923215465909
711	5.88421907570437	5.06923215465909
712	5.59129490046513	13.9463164329007
713	4.44789379789019	13.9463164329007
714	20.0782345315492	14.4676307748786
715	9.27196378472192	8.28856222750527
716	19.1748881904714	7.0724264758515
717	12.2787225406421	2.55583369215618
718	17.192761225988	14.7188850128179
719	14.7928028490558	6.78572648009857
720	6.96502116481886	6.78572648009857
721	8.89651216396307	19.5524933497259
722	8.84647791515572	19.5524933497259
723	2.88077284488635	0.297549584740459
724	20.6149404587722	0.297549584740459
725	17.0801998719732	4.32954509633359
726	11.3417768671456	3.57750921697629
727	10.2342588575201	3.57750921697629
728	5.57035672619826	7.83582857899084
729	9.59052186881524	7.43224954013588
730	17.4552829950059	9.18063591822413
731	19.4830654009048	22.8619483810749
732	3.265516569794	22.8619483810749
733	20.6472128161461	4.78055233705211
734	28.9137804684156	5.40647306263384
735	10.5667701199519	5.40647306263384
736	21.1533151865201	2.32121187450633
737	9.78458724890717	4.52439457649056
738	4.17045251974812	4.52439457649056
739	8.96922272291629	12.4581906070671
740	20.0518245822159	15.1754914735559
741	4.21957144316808	4.144546469898
742	16.3589098662685	4.144546469898
743	14.63377987134	2.54057228989779
744	10.7137939338011	2.54057228989779
745	16.067378077702	6.09207599880206
746	23.3940036115155	6.09207599880206
747	8.78397581971915	11.0075557762138
748	6.33382009636091	7.43725537480866
749	7.71236313949237	7.43725537480866
750	15.1132395829601	6.26247593352863
751	18.8628543215119	3.71485423368589
752	9.1916110843827	3.71485423368589
753	3.24843766249306	16.1720857926799
754	1.4650904234698	16.1720857926799
755	9.03170912288366	4.56620106779134
756	8.87254049555728	4.56620106779134
757	12.8618865383359	5.58470558966197
758	8.83099891670972	5.58470558966197
759	10.6359817931627	7.0945772874197
760	18.4753331583387	7.0945772874197
761	5.99135235153334	19.0613405393937
762	5.15454579463059	19.0613405393937
763	3.94427029081967	17.7917652487019
764	6.6626498187601	17.7917652487019
765	16.6500363830456	7.20668613614357
766	12.7496982546558	7.4684766275715
767	6.20704752573417	11.2792876475956
768	8.53320553813052	12.1255731796458
769	5.9344561298734	15.3099720262329
770	2.33380693606988	15.3099720262329
771	7.86385751034868	10.7190571796741
772	6.71529890450192	5.57411449602173
773	11.3302443403043	5.57411449602173
774	30.1805842772945	10.1675368869015
775	2.97417530881032	25.1273712175905
776	2.4643183893061	25.1273712175905
777	17.3135401606195	15.4039746870187
778	11.7900077264227	15.4039746870187
779	10.1254217409964	7.43138101524587
780	16.0254632751932	7.43138101524587
781	6.47420118693676	6.80911441004485
782	11.9701007616195	6.80911441004485
783	8.66080650448233	2.88077284488635
784	11.775106077058	4.50422042014424
785	5.19418993679762	4.50422042014424
786	4.65774352192658	5.02765381137295
787	9.20645636238018	5.02765381137295
788	6.98553808974096	21.4282233332281
789	6.1688119730328	21.4282233332281
790	5.73902780856129	8.7277459765214
791	6.55423172937059	8.7277459765214
792	5.00423123297541	7.83208702561335
793	5.0118507322568	7.83208702561335
794	13.4006783129883	7.40867307474066
795	16.4243629862998	7.40867307474066
796	5.14734144230891	12.101633950912
797	2.90141393150874	20.083088175263
798	5.2566186872193	20.083088175263
799	17.9620643389466	8.33337144396433
800	15.0001825070019	7.76407481102989
801	29.00162732001	4.653372617154
802	13.5241738462704	4.653372617154
803	8.9330514954743	11.3466397264268
804	10.6901589096925	11.3466397264268
805	5.24483494373212	1.4650904234698
806	1.24045069504829	1.4650904234698
807	8.29169759591888	9.15007540294328
808	10.7292546149059	13.5416721847716
809	15.1775593315167	13.5416721847716
810	20.017448888527	3.13108795912749
811	9.34692415190451	3.13108795912749
812	9.05089400876418	10.6688626918594
813	10.9503650695525	7.86655536572276
814	6.429254125412	7.86655536572276
815	9.67426745535198	2.33380693606988
816	14.7016523285558	2.33380693606988
817	12.265705345898	7.39924086385209
818	0.670235117960527	7.39924086385209
819	2.080443574496	4.44789379789019
820	7.40971609389978	4.44789379789019
821	12.24109648224	18.2885022046374
822	4.21191910936379	13.0005730739777
823	15.8871536029734	6.79136304356995
824	24.8061710009965	6.79136304356995
825	6.39768984051539	2.4643183893061
826	7.1239239219738	2.4643183893061
827	3.29707371530807	5.22558205564443
828	11.4636717669102	5.22558205564443
829	2.07815360908013	5.90455678156572
830	4.59953179130617	5.90455678156572
831	4.60689101429789	16.488022823265
832	4.75170814772722	10.1102669838887
833	7.93818520089226	10.1102669838887
834	1.30343129204756	15.7149458411908
835	11.9594275687878	15.7149458411908
836	18.7949380611955	4.63972604621022
837	20.5639787151518	6.61652230580702
838	5.28097277404132	17.3481181067993
839	4.99904962603152	17.3481181067993
840	14.2134408947456	8.66143656307396
841	8.66448692117896	8.66143656307396
842	14.978328828754	8.59933152885153
843	4.34883159088626	8.59933152885153
844	1.77018597083557	3.265516569794
845	5.41205119481174	3.265516569794
846	22.0633958384863	4.17045251974812
847	16.5634380557031	4.17045251974812
848	8.16201533595156	14.5494394706037
849	8.7624272664804	14.5494394706037
850	11.0153872054453	7.57550048026974
851	1.52651397916132	7.57550048026974
852	3.32227291223386	17.991424874352
853	11.7331336282473	17.991424874352
854	20.8613663954953	24.8609322777529
855	12.0540084069856	24.8609322777529
856	14.4839892132145	15.1134590838209
857	14.3635833037276	8.97026096617941
858	7.1296332861851	8.97026096617941
859	16.1130359996463	13.3037829930874
860	9.53762793708489	19.416779415792
861	13.3632888622092	19.416779415792
862	16.1990370974105	8.60593844364076
863	14.6278688778769	2.90141393150874
864	6.91528475508244	2.90141393150874
865	24.6275113412068	13.8989312895854
866	8.41647896467692	3.24843766249306
867	15.3085580892027	3.24843766249306
868	18.7821732066578	1.24045069504829
869	17.4116235302106	7.26233529472947
870	15.9026257623968	21.8575590495855
871	14.9177367910771	6.97626923138968
872	23.6462052199839	6.97626923138968
873	14.9620757833602	3.94427029081967
874	8.4445606223223	13.6204701654763
875	1.64599842574863	13.6204701654763
876	23.667315033232	10.2708557218897
877	10.7460789224468	9.78652851541738
878	8.78333848094383	9.78652851541738
879	7.57961874856424	8.39936606542343
880	9.9549753059852	10.647542777629
881	11.5065179660689	11.1221616179835
882	13.6527197504528	0.670235117960527
883	25.4603292286127	0.670235117960527
884	16.3091096709551	5.88421907570437
885	16.1510116377553	5.88421907570437
886	1.79778290289471	5.59129490046513
887	4.76649713002337	5.59129490046513
888	18.0576255706717	2.080443574496
889	4.89022704200514	2.080443574496
890	8.49950563458274	16.550139486455
891	5.7144520457153	16.550139486455
892	12.9613860845492	16.4127571772502
893	17.6588953655313	18.6775182305254
894	15.4725375920267	9.53428664728806
895	18.8795838250479	9.15068425599241
896	6.47681988556035	2.97417530881032
897	18.6252380943235	18.0373824517615
898	18.8922510994578	15.5128295525796
899	5.9504166267953	7.50952954730525
900	14.3531692700988	7.50952954730525
901	11.9769198004045	2.07815360908013
902	16.2109273586152	1.30343129204756
903	16.7601462649637	1.30343129204756
904	23.3839584078037	6.90919616715779
905	19.0357308438502	7.84908280936953
906	10.2047274089729	9.45859865315816
907	13.1970744334138	9.45859865315816
908	6.05614830213245	9.74139877000908
909	10.6812110849721	10.0701889922131
910	16.6054594072605	10.0701889922131
911	11.8580283195988	8.22128886690591
912	15.5617356052763	8.22128886690591
913	13.1815439818892	5.00423123297541
914	8.65526181780563	5.00423123297541
915	18.7040849651365	1.77018597083557
916	14.5955199700566	22.3609512667959
917	1.86418864490102	26.9809591500914
918	4.20632109747968	26.9809591500914
919	6.62014606461211	4.21957144316808
920	14.9955651796765	9.55479930948622
921	4.14654702761466	8.81660895289483
922	2.50802482593049	8.81660895289483
923	16.5173419962939	1.52651397916132
924	7.76327173270094	1.52651397916132
925	11.1869444063643	11.1521252781179
926	8.57885604892382	11.1521252781179
927	10.163847515599	10.8852681108856
928	4.64571261189513	10.8852681108856
929	4.73289155382032	17.1753513435409
930	0.742255550300918	17.1753513435409
931	3.92957701612228	15.3175584259622
932	15.5761025349346	14.3153455300989
933	8.12131656855517	5.2566186872193
934	5.513428078047	5.2566186872193
935	9.20349435581946	14.9924562308116
936	1.6786058021041	14.9924562308116
937	6.52151667068965	7.42369368981938
938	6.60976575058036	7.42369368981938
939	14.7559040615352	5.99135235153334
940	12.9842903116136	5.15454579463059
941	8.97525610553529	10.9326231890757
942	18.2426102217475	10.9326231890757
943	7.39187138549667	1.64599842574863
944	15.8088673695624	1.64599842574863
945	8.46096209928863	5.9344561298734
946	6.9925314196489	5.9344561298734
947	5.11043457966783	17.6273355751316
948	8.0165160385248	8.19155957831725
949	3.37240425965159	1.79778290289471
950	19.6377379423072	1.79778290289471
951	16.2830378822855	17.327894657693
952	15.9744133282434	4.21191910936379
953	13.2500022831664	24.3933166608814
954	16.3391883415601	24.3933166608814
955	5.51688764918142	21.2452370095938
956	8.99774474175294	21.2452370095938
957	14.2559163209494	10.3327026462415
958	2.96510776642907	8.89651216396307
959	13.5285786241671	8.89651216396307
960	11.0524056810643	8.84647791515572
961	10.0152782872625	8.84647791515572
962	23.6085115732549	6.47420118693676
963	7.27813000817789	3.29707371530807
964	18.5856860433296	5.19418993679762
965	3.13667356164316	5.19418993679762
966	13.2949633352937	4.65774352192658
967	8.30843349684239	4.65774352192658
968	13.4946096390252	4.59953179130617
969	23.9034056658107	4.59953179130617
970	1.02406011191036	20.825865870733
971	20.504853592529	4.60689101429789
972	12.6549589309515	15.2731366744377
973	0.859251759726662	15.2731366744377
974	8.12085486980498	5.73902780856129
975	5.90321484696222	6.55423172937059
976	13.677506551573	10.6033031675337
977	5.07175396383349	19.06740764928
978	16.6466608018097	19.06740764928
979	10.8726945611475	5.41205119481174
980	4.31484875216769	21.0503121351585
981	16.3444031617116	17.9948138697065
982	0.442090291694502	17.9948138697065
983	8.42129725918823	1.86418864490102
984	6.55054809350185	1.86418864490102
985	13.5356448354487	11.9529777131899
986	5.39594388170122	11.9529777131899
987	9.02121511318056	2.50802482593049
988	9.08838232926771	3.32227291223386
989	3.77678780092798	21.3662144892293
990	3.55781761606883	21.3662144892293
991	7.20550624182219	0.742255550300918
992	14.1125660226648	10.4012492213896
993	10.0093815013294	10.4012492213896
994	6.16775519019093	1.6786058021041
995	16.5894399443842	1.6786058021041
996	28.5286989853634	5.24483494373212
997	16.3662501779967	5.24483494373212
998	9.67390453556664	18.0960565012901
999	9.63398538559232	18.0960565012901
1000	22.3371020806567	8.6574868311417
1001	23.482031136059	6.429254125412
1002	9.38325754280828	14.5096596222465
1003	13.5209774279119	14.5096596222465
1004	27.7489522437007	15.5760848993007
1005	16.1167122158456	9.82637709332731
1006	7.5425483754212	13.6406434350287
1007	6.49143530694369	13.6406434350287
1008	10.4497089400011	16.0975431142094
1009	5.39621103966382	16.0975431142094
1010	26.0463394093474	3.37240425965159
1011	2.30527431518031	4.76649713002337
1012	6.84963762853065	4.76649713002337
1013	9.77964850210485	5.7144520457153
1014	22.9273931961058	5.7144520457153
1015	2.81987049165105	32.479279265576
1016	2.94879145101864	32.479279265576
1017	17.3911235546877	7.86385751034868
1018	19.0385350959996	14.8239687639647
1019	18.9504330586241	12.5911896817244
1020	12.9183170315942	12.5911896817244
1021	14.4425771113281	12.057579126732
1022	5.3373925609701	12.057579126732
1023	17.1972981307712	17.6879402897227
1024	11.5323304472852	15.8084355743243
1025	1.52881553706198	15.8084355743243
1026	23.195721621451	8.66080650448233
1027	7.38621421297964	1.02406011191036
1028	6.61955901877078	6.98553808974096
1029	7.61333161093968	0.859251759726662
1030	2.82088120720629	13.4635298292651
1031	15.492370242867	13.4635298292651
1032	13.5167742910932	15.1811661879643
1033	8.42425135243927	15.1811661879643
1034	9.1101862437174	5.28097277404132
1035	4.11162817979666	24.2898724663207
1036	6.0752613067344	24.2898724663207
1037	13.6414243804364	9.59052186881524
1038	11.394433387294	10.5667701199519
1039	7.5858325598619	12.3899396540324
1040	12.5015165372459	9.78458724890717
1041	7.48685094537298	0.442090291694502
1042	10.5455150584027	0.442090291694502
1043	8.79548689715598	4.20632109747968
1044	11.2258286820192	4.20632109747968
1045	17.5439667198451	10.7137939338011
1046	5.88957695668954	10.7137939338011
1047	10.2653210495369	13.9216011454047
1048	6.43035601288447	13.9216011454047
1049	5.7202849001538	4.14654702761466
1050	13.5888889668877	4.64571261189513
1051	12.3525271912985	4.73289155382032
1052	31.9372092349879	8.78397581971915
1053	22.5224744517863	8.78397581971915
1054	20.2485301869261	15.4053870068107
1055	16.4821212204365	9.1916110843827
1056	19.6992014625744	8.87254049555728
1057	6.21631845668261	11.8930728722304
1058	14.8424173929925	11.8930728722304
1059	4.95108832840039	20.0273196594006
1060	20.5276615873348	5.11043457966783
1061	20.8861030437759	2.30527431518031
1062	22.8515264635211	4.89022704200514
1063	16.3631430886827	7.40971609389978
1064	2.85684393987204	7.40971609389978
1065	5.57848779205937	10.1254217409964
1066	6.721838380556	22.6598874959917
1067	12.514633742522	22.6598874959917
1068	14.1404759071674	2.96510776642907
1069	19.5226680029152	2.96510776642907
1070	16.4200146569619	1.52881553706198
1071	13.9835639775623	11.9701007616195
1072	19.7269754884521	11.9701007616195
1073	11.8764678133008	14.3225779868823
1074	4.01487617945847	14.3225779868823
1075	11.0365413631924	3.13667356164316
1076	7.86890738034832	9.20645636238018
1077	23.0953877894312	9.20645636238018
1078	14.4277835389229	7.93818520089226
1079	4.7706176705658	19.7564013254851
1080	15.4714005450112	11.3417768671456
1081	6.61317496126579	23.5030189226342
1082	20.4107123761223	23.5030189226342
1083	16.3235682590824	5.07175396383349
1084	7.34986947462363	15.3411562800768
1085	19.4245799973729	15.3411562800768
1086	8.29962168104895	8.16201533595156
1087	9.55941989561879	3.55781761606883
1088	16.8373256053235	14.7949660815757
1089	4.29730369389328	16.7402901707011
1090	24.7373091040912	16.7402901707011
1091	17.7416212347873	16.3662878338118
1092	13.3031776237568	13.2389213564488
1093	15.096508037367	20.6730743356684
1094	16.451353322506	20.6730743356684
1095	4.64197576086815	13.9594369378442
1096	4.41109240818825	15.9276403278118
1097	16.0871462206338	15.9276403278118
1098	15.2616500198569	8.9330514954743
1099	20.8730175216042	8.41647896467692
1100	13.439583587755	12.8618865383359
1101	12.7209698025014	16.5544143365011
1102	4.53505487334103	14.453009262129
1103	10.4831738971276	14.453009262129
1104	17.6507008582963	12.7496982546558
1105	9.25473286118992	8.78333848094383
1106	10.0236476164833	6.9925314196489
1107	10.5904274091772	9.67426745535198
1108	5.35118588330116	9.67426745535198
1109	10.6676801166725	2.85684393987204
1110	10.8463290802701	2.81987049165105
1111	7.80414102427943	2.94879145101864
1112	19.3193604005539	2.94879145101864
1113	15.3067931517939	11.3302443403043
1114	12.2204676498483	14.7928028490558
1115	22.0879903043129	11.7900077264227
1116	8.20526192357758	20.1995783565335
1117	7.9580942055696	11.775106077058
1118	15.697650631315	5.90321484696222
1119	8.24255796300519	2.82088120720629
1120	6.88886895025236	2.82088120720629
1121	24.4972288480977	4.11162817979666
1122	13.1508489601208	8.66448692117896
1123	12.8977750988423	7.48685094537298
1124	8.69391114386161	8.7624272664804
1125	5.83563291481492	6.55054809350185
1126	13.1321810820601	6.55054809350185
1127	19.7125268976237	14.63377987134
1128	16.9715553031106	14.63377987134
1129	13.5185250649421	17.9756768981606
1130	30.8315827788422	7.20550624182219
1131	20.5148613594938	7.20550624182219
1132	10.1805051564616	9.53762793708489
1133	10.9805963206789	9.53762793708489
1134	14.8708549251137	8.12131656855517
1135	16.5104945807835	18.2984188676123
1136	10.3720161162208	10.6901589096925
1137	17.8975232855837	10.6901589096925
1138	15.6215115097647	10.7460789224468
1139	9.11934295159695	10.7460789224468
1140	4.94435577745125	8.46096209928863
1141	12.2085548446711	12.265705345898
1142	1.07000671174484	12.265705345898
1143	2.57961198819733	5.39621103966382
1144	15.0502921280771	5.39621103966382
1145	16.1609136422653	8.0165160385248
1146	10.078073266723	8.0165160385248
1147	5.16329846272777	4.01487617945847
1148	18.29684258574	8.30843349684239
1149	20.402488773982	7.38621421297964
1150	13.5125322493818	6.61955901877078
1151	20.2757528160725	6.61955901877078
1152	9.31773429253561	11.9594275687878
1153	0.172799636446744	8.42129725918823
1154	9.36953484151636	8.42129725918823
1155	13.7344475904544	6.43035601288447
1156	5.83266561088017	11.0153872054453
1157	8.54257215146192	11.7331336282473
1158	6.85852388487915	10.163847515599
1159	14.6179847984124	4.41109240818825
1160	14.3919469879384	9.20349435581946
1161	9.50009291286721	9.20349435581946
1162	17.7698744663904	9.63398538559232
1163	16.3144301045097	4.53505487334103
1164	6.42600602568757	27.4342101643154
1165	12.270142430334	27.4342101643154
1166	12.1073509880826	14.7016523285558
1167	25.051580485382	1.07000671174484
1168	7.33428455143887	1.07000671174484
1169	9.61922779249461	13.6527197504528
1170	7.93638845020186	7.5425483754212
1171	6.30907529290119	7.5425483754212
1172	8.0394892185649	6.49143530694369
1173	20.8782426403694	6.49143530694369
1174	9.17742368125999	6.84963762853065
1175	23.3713226273696	8.99774474175294
1176	3.8778217068824	16.0254632751932
1177	14.1697164240441	6.721838380556
1178	6.75375145880287	10.0152782872625
1179	16.0769117539785	11.9769198004045
1180	5.15391883540625	21.6669097672819
1181	2.07692431956372	25.4395294168334
1182	9.89957470253578	25.4395294168334
1183	13.3348742236344	17.0801998719732
1184	16.6438545802098	11.8580283195988
1185	5.45176464176439	11.8580283195988
1186	5.66170813028632	8.42425135243927
1187	5.75414693634762	8.42425135243927
1188	13.5664675821358	9.1101862437174
1189	27.4040618411057	6.61317496126579
1190	12.7758416319776	14.2134408947456
1191	9.03969439612578	7.34986947462363
1192	9.4198297720244	10.5455150584027
1193	20.7903434946141	0.172799636446744
1194	7.44548830639052	0.172799636446744
1195	10.8932436368603	8.79548689715598
1196	9.09307591409768	8.79548689715598
1197	8.40659812455881	16.3589098662685
1198	25.6370639488966	9.02121511318056
1199	16.2896639458545	14.3635833037276
1200	5.21174124273562	13.3632888622092
1201	14.9622375145051	10.0093815013294
1202	15.6036264442705	10.0093815013294
1203	14.1866660524044	15.1775593315167
1204	13.0083210304151	18.4753331583387
1205	21.7299549025535	20.1853046114781
1206	11.8230720829897	20.1853046114781
1207	12.9742951430418	17.3135401606195
1208	7.33089763055864	17.3135401606195
1209	5.92463963485686	11.0524056810643
1210	6.31965983629418	11.0524056810643
1211	9.83552349639993	20.6149404587722
1212	5.37684400241868	14.3531692700988
1213	12.7452248564004	12.6549589309515
1214	16.1376845954405	13.1970744334138
1215	5.87128544114914	2.07692431956372
1216	4.19268379733617	15.5617356052763
1217	4.38606317034138	15.5617356052763
1218	11.2310464143293	24.9429485323977
1219	8.22254639226841	14.978328828754
1220	5.59590158748997	14.978328828754
1221	0.735506940607472	19.4830654009048
1222	2.55087797848874	19.4830654009048
1223	10.1901738496213	5.83563291481492
1224	19.4367809777263	11.2258286820192
1225	5.57241856363551	11.2258286820192
1226	19.1709605513624	14.6278688778769
1227	26.2258597363934	15.3085580892027
1228	16.6068204210611	17.4116235302106
1229	3.23640624586148	10.4497089400011
1230	1.76308811668178	10.4497089400011
1231	11.9189601031217	16.3091096709551
1232	17.9059077533529	16.1510116377553
1233	19.5777458275437	16.1510116377553
1234	9.07204362137805	8.20526192357758
1235	11.571700281249	13.5285786241671
1236	9.14531871235614	13.5285786241671
1237	12.8256783062121	11.5323304472852
1238	10.3278036593609	5.16329846272777
1239	24.6173729575617	5.16329846272777
1240	25.6174797931853	7.9580942055696
1241	7.90453728321882	7.9580942055696
1242	20.1717531673068	16.2109273586152
1243	16.3764205079926	8.24255796300519
1244	4.81039470493389	13.5167742910932
1245	11.4985674739387	13.677506551573
1246	17.0872002715094	13.677506551573
1247	6.18301771512669	0.735506940607472
1248	8.44100687636021	2.55087797848874
1249	8.87268947950515	2.55087797848874
1250	13.4645643070034	12.5015165372459
1251	9.36039802584203	24.3539502463223
1252	17.0062079543546	14.1125660226648
1253	12.7293411579615	18.7821732066578
1254	24.6792831922211	20.017448888527
1255	13.3209857389713	10.4831738971276
1256	19.0371518433429	9.25473286118992
1257	16.2654556009705	10.5904274091772
1258	13.2930156939145	22.6675925056574
1259	13.5997698171156	6.30907529290119
1260	17.7441516005603	6.30907529290119
1261	15.1842723402488	3.23640624586148
1262	25.7421256812733	1.76308811668178
1263	20.505674300313	1.76308811668178
1264	5.29114770360401	18.0576255706717
1265	10.3647119316465	18.0576255706717
1266	16.4086745614268	14.4425771113281
1267	18.9756716618472	12.514633742522
1268	4.95525402018821	12.514633742522
1269	2.56718321452791	11.8764678133008
1270	1.22790762342097	11.8764678133008
1271	7.70647366637084	26.393963466905
1272	2.72483380116939	26.393963466905
1273	13.737642605514	18.7040849651365
1274	13.1708428368057	33.0659714626663
1275	5.54351770035125	33.0659714626663
1276	8.65734533416096	7.44548830639052
1277	19.3473801689955	13.5888889668877
1278	20.7980864634575	9.11934295159695
1279	21.5373569841848	9.11934295159695
1280	8.35214047374155	7.33428455143887
1281	7.15688327104922	7.93638845020186
1282	27.1557806948037	8.0394892185649
1283	4.94942995762923	8.0394892185649
1284	21.8349550081114	10.078073266723
1285	14.0811762346755	9.17742368125999
1286	10.3903447903682	14.1404759071674
1287	23.9392028584463	5.92463963485686
1288	14.5732961034965	6.31965983629418
1289	12.3955700607021	6.31965983629418
1290	9.3519262589244	6.75375145880287
1291	12.9214803432581	6.75375145880287
1292	14.8221304901765	13.9835639775623
1293	9.0471348043447	1.22790762342097
1294	12.7661073150681	1.22790762342097
1295	16.7816331826834	18.5856860433296
1296	7.09038578284921	18.5856860433296
1297	13.9546321809004	9.31773429253561
1298	5.13211098826455	15.492370242867
1299	7.811555230791	15.492370242867
1300	23.0260062691754	4.19268379733617
1301	15.4087485678872	5.59590158748997
1302	16.4055794011471	6.18301771512669
1303	16.0424648659376	9.36953484151636
1304	2.62846841067024	9.36953484151636
1305	2.91570699742239	5.57241856363551
1306	1.02799481612838	5.57241856363551
1307	14.7755502520617	8.54257215146192
1308	19.274189311956	14.8424173929925
1309	5.49067231934283	9.61922779249461
1310	15.6537146655492	19.6377379423072
1311	6.87783043298706	19.6377379423072
1312	15.3859449883342	16.3631430886827
1313	23.6231993338388	16.3631430886827
1314	16.8707854040415	19.0385350959996
1315	6.15410733656138	2.56718321452791
1316	18.549813036558	2.72483380116939
1317	8.1445800265294	2.72483380116939
1318	13.3665140254018	9.89957470253578
1319	9.6217873400316	28.9137804684156
1320	9.19942660238009	2.62846841067024
1321	15.9763498732366	13.1321810820601
1322	1.84085708273121	13.1321810820601
1323	6.8488691448906	9.09307591409768
1324	11.1981490297153	9.09307591409768
1325	7.11592276811084	1.02799481612838
1326	18.9708778633385	17.5439667198451
1327	15.4546125296508	12.1073509880826
1328	6.15797763133608	12.2085548446711
1329	9.5819566167004	12.2085548446711
1330	4.09601615430981	25.4603292286127
1331	5.63003258001028	4.94942995762923
1332	19.7393925716017	5.29114770360401
1333	16.1078697558846	4.95525402018821
1334	7.40429579648324	10.1901738496213
1335	13.752817954507	10.1901738496213
1336	14.4989089349637	1.84085708273121
1337	17.0503357249361	1.84085708273121
1338	12.0818701166402	10.8932436368603
1339	2.9223154813359	10.8932436368603
1340	16.3031371464837	16.9715553031106
1341	15.0933838433193	20.2485301869261
1342	6.13458302300554	15.0502921280771
1343	6.69374117208417	19.5226680029152
1344	3.81197664471745	19.5226680029152
1345	11.8661022464906	9.14531871235614
1346	10.7118067067025	19.7269754884521
1347	12.8404452658862	19.7269754884521
1348	15.8126560452341	10.3278036593609
1349	30.0421865913992	10.3278036593609
1350	12.2674685704235	23.9034056658107
1351	20.362957779651	7.70647366637084
1352	4.10304341815245	7.70647366637084
1353	17.8364273074432	13.5664675821358
1354	17.7354538092781	12.7758416319776
1355	18.7956861663535	8.65734533416096
1356	16.1302897467112	2.9223154813359
1357	13.0332130515527	4.09601615430981
1358	21.185802928804	4.09601615430981
1359	9.39046665878421	7.15688327104922
1360	13.5816733024242	7.15688327104922
1361	12.2470430765145	20.8861030437759
1362	6.99916424833332	11.571700281249
1363	8.76763907564093	11.571700281249
1364	24.5492959736472	6.15410733656138
1365	18.1647971131501	7.09038578284921
1366	7.26718759450011	6.8488691448906
1367	11.8660777866908	6.15797763133608
1368	20.2262959396869	5.63003258001028
1369	14.3877674587921	10.3647119316465
1370	17.7096927331362	22.0879903043129
1371	12.748730813383	10.3903447903682
1372	21.9085055482546	10.3903447903682
1373	16.5626102965354	9.3519262589244
1374	12.0974294745748	20.7903434946141
1375	12.5413467094735	24.7373091040912
1376	8.8478284993135	9.5819566167004
1377	6.20946948317252	9.5819566167004
1378	13.7365937435705	13.5997698171156
1379	2.36101374873537	20.8782426403694
1380	13.6893433961092	6.13458302300554
1381	13.7800871127918	26.0463394093474
1382	19.383482448714	12.7661073150681
1383	15.0225291968831	7.40429579648324
1384	5.69478143294402	11.1981490297153
1385	11.105003332141	2.36101374873537
1386	15.4844539093075	14.5732961034965
1387	11.2380655735984	13.3665140254018
1388	13.2886561372546	13.3665140254018
1389	6.87370796480909	19.4367809777263
1390	6.17243256939533	19.4367809777263
1391	3.55737427128719	25.051580485382
1392	17.3438779580937	9.39046665878421
1393	12.5018485235791	19.5777458275437
1394	17.1435990657734	6.99916424833332
1395	18.3718110473266	8.76763907564093
1396	3.71820139832959	15.9763498732366
1397	9.94368350694813	12.0818701166402
1398	16.9201021000903	7.26718759450011
1399	27.3237553190525	20.505674300313
1400	11.4884158583866	15.3859449883342
1401	16.4338805564324	11.8661022464906
1402	20.0904130565115	5.69478143294402
1403	13.336845605627	3.55737427128719
1404	26.9250295586983	17.0503357249361
1405	13.744498454078	6.17243256939533
1406	9.023508963578	6.17243256939533
1407	8.90688056859315	26.2258597363934
1408	12.107065109723	13.0332130515527
1409	14.320468042028	25.6174797931853
1410	8.81462672154338	6.87370796480909
1411	8.24946010380345	6.87370796480909
1412	12.5953154549136	27.1557806948037
1413	13.6797713564819	11.105003332141
1414	18.9501787987321	20.362957779651
1415	27.8008980411339	8.81462672154338
1416	12.6656938598304	8.81462672154338
1417	12.2983104941615	13.744498454078
