time	gene0	gene1	gene2	gene3	gene4	gene5	gene6	gene7	gene8	gene9	gene10	gene11	gene12	gene13	gene14
0	80	0	0	0	0	0	0	0	0	0	0	0	0	0	0
2	80	0	0	0	0	0	0	0	0	0	0	0	0	0	0
4	79	2	0	0	0	0	0	0	0	0	0	0	0	0	0
6	77	6	0	0	0	0	0	0	0	0	0	0	0	0	0
8	76	7	2	0	0	0	0	0	0	0	0	0	0	0	0
10	74	11	2	0	0	0	0	0	0	0	0	0	0	0	0
12	74	11	2	0	0	0	0	0	0	0	0	0	0	0	0
14	74	11	2	0	0	0	0	0	0	0	0	0	0	0	0
16	73	13	2	0	0	0	0	0	0	0	0	0	0	0	0
18	69	21	2	0	0	0	0	0	0	0	0	0	0	0	0
20	67	25	2	0	0	0	0	0	0	0	0	0	0	0	0
22	64	30	4	0	0	0	0	0	0	0	0	0	0	0	0
24	58	41	6	0	0	0	0	0	0	0	0	0	0	0	0
26	57	40	12	0	0	0	0	0	0	0	0	0	0	0	0
28	56	39	18	0	0	0	0	0	0	0	0	0	0	0	0
30	53	43	22	0	0	0	0	0	0	0	0	0	0	0	0
32	46	55	26	0	0	0	0	0	0	0	0	0	0	0	0
34	42	60	32	0	0	0	0	0	0	0	0	0	0	0	0
36	39	62	39	2	0	0	0	0	0	0	0	0	0	0	0
38	35	64	50	4	0	0	0	0	0	0	0	0	0	0	0
40	31	68	56	8	0	0	0	0	0	0	0	0	0	0	0
42	30	66	60	16	0	0	0	0	0	0	0	0	0	0	0
44	29	68	58	20	0	0	0	0	0	0	0	0	0	0	0
46	26	71	59	29	0	0	0	0	0	0	0	0	0	0	0
48	24	71	63	35	4	0	0	0	0	0	0	0	0	0	0
50	21	69	75	42	6	0	0	0	0	0	0	0	0	0	0
52	17	73	76	51	10	0	0	0	0	0	0	0	0	0	0
54	14	70	88	61	12	0	0	0	0	0	0	0	0	0	0
56	13	66	96	66	18	0	0	0	0	0	0	0	0	0	0
58	11	67	95	77	20	0	0	0	0	0	0	0	0	0	0
60	9	63	109	79	20	2	0	0	0	0	0	0	0	0	0
62	8	60	108	96	25	3	0	0	0	0	0	0	0	0	0
64	8	55	112	105	29	3	0	0	0	0	0	0	0	0	0
66	6	54	111	116	44	5	0	0	0	0	0	0	0	0	0
68	5	50	113	131	53	4	0	0	0	0	0	0	0	0	0
70	5	48	108	134	75	6	0	0	0	0	0	0	0	0	0
72	5	41	108	155	86	8	0	0	0	0	0	0	0	0	0
74	5	37	110	156	97	14	0	0	0	0	0	0	0	0	0
76	4	34	109	170	106	16	0	0	0	0	0	0	0	0	0
78	3	32	113	164	125	20	2	0	0	0	0	0	0	0	0
80	2	30	114	164	140	29	4	0	0	0	0	0	0	0	0
82	2	25	115	169	147	39	4	0	0	0	0	0	0	0	0
84	2	23	104	188	159	43	5	0	0	0	0	0	0	0	0
86	2	20	105	184	176	51	7	0	0	0	0	0	0	0	0
88	0	21	97	192	197	57	9	0	0	0	0	0	0	0	0
90	0	20	98	176	219	64	9	0	0	0	0	0	0	0	0
92	0	18	92	181	231	72	13	0	0	0	0	0	0	0	0
94	0	17	86	185	231	88	14	0	0	0	0	0	0	0	0
96	0	12	80	201	252	95	18	0	0	0	0	0	0	0	0
98	0	8	75	209	258	112	28	0	0	0	0	0	0	0	0
100	0	8	71	202	267	122	30	0	0	0	0	0	0	0	0
102	0	8	57	212	284	136	44	0	0	0	0	0	0	0	0
104	0	6	53	210	293	147	50	0	0	0	0	0	0	0	0
106	0	5	45	211	303	159	52	0	0	0	0	0	0	0	0
108	0	5	43	199	311	171	53	0	0	0	0	0	0	0	0
110	0	5	38	188	328	176	59	0	0	0	0	0	0	0	0
112	0	5	34	177	338	196	63	0	0	0	0	0	0	0	0
114	0	4	31	174	335	197	70	0	0	0	0	0	0	0	0
116	0	3	27	169	327	210	77	0	0	0	0	0	0	0	0
118	0	3	24	162	326	223	77	0	0	0	0	0	0	0	0
120	0	2	25	148	329	225	81	0	0	0	0	0	0	0	0
122	0	2	23	135	323	232	89	0	0	0	0	0	0	0	0
124	0	2	19	127	324	238	102	0	0	0	0	0	0	0	0
126	0	1	16	123	328	238	107	0	0	0	0	0	0	0	0
128	0	1	16	115	316	252	115	0	0	0	0	0	0	0	0
130	0	1	12	111	318	255	118	0	0	0	0	0	0	0	0
132	0	0	11	106	295	274	125	0	0	0	0	0	0	0	0
134	0	0	8	100	288	279	128	0	0	0	0	0	0	0	0
136	0	0	6	96	264	296	131	0	0	0	0	0	0	0	0
138	0	0	5	90	249	296	143	0	0	0	0	0	0	0	0
140	0	0	5	81	229	303	142	0	0	0	0	0	0	0	0
142	0	0	5	71	220	310	139	0	0	0	0	0	0	0	0
144	0	0	4	63	220	303	147	0	0	0	0	0	0	0	0
146	0	0	4	56	202	300	154	0	0	0	0	0	0	0	0
148	0	0	1	58	189	292	166	0	0	0	0	0	0	0	0
150	0	0	1	53	181	283	170	0	0	0	0	0	0	0	0
152	0	0	1	49	168	275	165	0	0	0	0	0	0	0	0
154	0	0	1	43	155	279	171	0	0	0	0	0	0	0	0
156	0	0	1	39	148	267	171	0	0	0	0	0	0	0	0
158	0	0	1	35	135	275	176	0	0	0	0	0	0	0	0
160	0	0	0	27	130	265	171	0	0	0	0	0	0	0	0
162	0	0	0	22	123	247	181	0	0	0	0	0	0	0	0
164	0	0	0	17	117	237	191	0	0	0	0	0	0	0	0
166	0	0	0	13	112	228	192	0	0	0	0	0	0	0	0
168	0	0	0	12	101	220	192	0	0	0	0	0	0	0	0
170	0	0	0	9	97	206	191	0	0	0	0	0	0	0	0
172	0	0	0	7	95	194	185	0	0	0	0	0	0	0	0
174	0	0	0	4	88	167	188	0	0	0	0	0	0	0	0
176	0	0	0	4	77	166	166	0	0	0	0	0	0	0	0
178	0	0	0	3	72	152	170	0	0	0	0	0	0	0	0
180	0	0	0	3	63	133	175	0	0	0	0	0	0	0	0
182	0	0	0	2	52	130	181	0	0	0	0	0	0	0	0
184	0	0	0	2	47	117	174	0	0	0	0	0	0	0	0
186	0	0	0	2	40	114	170	0	0	0	0	0	0	0	0
188	0	0	0	1	37	105	162	0	0	0	0	0	0	0	0
190	0	0	0	1	33	96	152	0	0	0	0	0	0	0	0
192	0	0	0	1	28	86	151	0	0	0	0	0	0	0	0
194	0	0	0	1	24	80	139	0	0	0	0	0	0	0	0
196	0	0	0	1	22	70	135	0	0	0	0	0	0	0	0
198	0	0	0	1	17	64	122	0	0	0	0	0	0	0	0
