time	sibling1	mother
0	31.7796011763547	2.51030262184897
1	41.5850661769662	2.51030262184897
2	29.592629196302	4.21127324400898
3	32.4445719607619	4.21127324400898
4	90.9747507186492	4.87123995194958
5	2.3909798924917	4.87123995194958
6	88.3109278746524	2.3909798924917
7	28.0585650390184	2.3909798924917
8	20.2890803350454	7.34622524485194
9	43.1017999568526	7.34622524485194
10	44.8830293215261	8.89930744080256
11	25.5006801566585	8.89930744080256
12	30.5729178683699	8.45080253460699
13	24.4021603972385	8.45080253460699
14	29.0157808585597	15.351817485522
15	9.10444634494913	15.351817485522
16	37.92899948998	17.9849904004203
17	11.7742313325663	17.9849904004203
18	5.1205818534902	16.7635500547042
19	53.5987365134174	16.7635500547042
20	46.957250691143	17.702908353923
21	30.6867923426324	17.702908353923
22	9.27193875408245	16.8103854286845
23	14.024215752136	16.8103854286845
24	40.7319367960588	18.3862234186239
25	35.9494836820793	18.3862234186239
26	29.3101830248583	18.9054463817466
27	7.32377753006141	18.9054463817466
28	35.5045887615228	21.0066980620108
29	3.10045986417992	21.0066980620108
30	62.3658674052045	21.1599970313847
31	1.56418640509238	21.1599970313847
32	29.4059844614375	21.8801633300395
33	65.1135640250973	21.8801633300395
34	68.744801537675	5.1205818534902
35	22.7237552114357	5.1205818534902
36	45.591156451091	22.7582568799747
37	27.2355308271707	22.7582568799747
38	83.4377804393161	22.0583863797636
39	36.7072288048271	22.0583863797636
40	18.1593944952029	1.56418640509238
41	63.6437006896353	1.56418640509238
42	35.4488669921187	22.1554599854542
43	37.8455226571734	22.1554599854542
44	1.06691967100691	22.6057796927072
45	8.84007143023262	22.6057796927072
46	34.7531188817442	23.4919378043908
47	4.84163000752969	23.4919378043908
48	31.3800745136608	23.0147510528921
49	18.5620036231093	23.0147510528921
50	44.3576899078247	3.10045986417992
51	17.9692047354426	3.10045986417992
52	47.4183218963766	9.10444634494913
53	27.4911561323111	9.10444634494913
54	62.1673138575216	24.658215108627
55	50.9139476325782	24.658215108627
56	30.1469441840645	1.06691967100691
57	15.3523656168359	1.06691967100691
58	38.1991418484718	20.2890803350454
59	16.4124129593396	20.2890803350454
60	21.4176308410441	27.3658503834937
61	49.238146947567	27.3658503834937
62	39.7968273539909	7.32377753006141
63	14.6944497996844	7.32377753006141
64	41.9889970810773	9.27193875408245
65	39.6996581234826	9.27193875408245
66	41.8748908927565	28.2431938970803
67	24.9847173045944	28.2431938970803
68	18.8593181241364	29.4267868319503
69	7.4299733673643	29.4267868319503
70	15.9344887757137	11.7742313325663
71	9.95385974030544	11.7742313325663
72	12.5022849927428	4.84163000752969
73	20.304782969034	4.84163000752969
74	28.5576796216863	29.3124832600931
75	48.7170007056478	29.3124832600931
76	47.2322812014005	31.6298111891301
77	17.892452536929	31.6298111891301
78	9.79548790798672	31.0958115295402
79	27.3628982395967	31.0958115295402
80	72.6248630866066	31.0997978574923
81	21.598893992523	31.0997978574923
82	21.5099117532435	30.9771674601638
83	14.9248918614982	30.9771674601638
84	15.3299715029888	8.84007143023262
85	34.9951298932341	8.84007143023262
86	9.36348060184892	30.3660271520977
87	4.01806575935499	30.3660271520977
88	0.350350390281738	31.1337095012343
89	3.63807768587925	31.1337095012343
90	44.1037937083886	31.9378438770654
91	27.8169724995473	31.9378438770654
92	42.649939352849	14.024215752136
93	34.4004694626189	14.024215752136
94	11.9249340539527	29.592629196302
95	17.2502643295025	29.592629196302
96	13.820474627411	0.350350390281738
97	25.5832963502547	0.350350390281738
98	63.5345745387645	24.4021603972385
99	13.6584926991005	24.4021603972385
100	14.9107044142216	32.0136036254315
101	7.33079656152214	32.0136036254315
102	29.9953063299894	33.6600316196465
103	20.8257225359522	33.6600316196465
104	3.53572536302794	33.6070741801983
105	27.0246350514555	33.6070741801983
106	4.39084024762721	32.7864681306743
107	20.8984298960054	32.7864681306743
108	48.6649432586117	25.5006801566585
109	3.59518268828923	25.5006801566585
110	0.389610524973723	35.2735679111899
111	5.54592707981586	35.2735679111899
112	0.555910718222936	35.1584348660199
113	6.4445540262428	35.1584348660199
114	15.2284260682706	28.0585650390184
115	64.6933748152208	28.0585650390184
116	17.8560450517299	31.7796011763547
117	17.548339104458	31.7796011763547
118	60.4147766910845	35.7178162337832
119	4.22998854294988	35.7178162337832
120	28.2334309667475	4.01806575935499
121	39.6404880810717	4.01806575935499
122	27.7950772619738	3.63807768587925
123	18.8220892713017	3.63807768587925
124	16.823060090164	3.59518268828923
125	35.5150690918733	3.59518268828923
126	20.3871765285966	0.389610524973723
127	27.4426944189634	0.389610524973723
128	6.70653317663454	0.555910718222936
129	14.0201805086475	0.555910718222936
130	29.5830173971991	36.71300969073
131	17.6673079798875	36.71300969073
132	18.5876889110899	32.4445719607619
133	51.5981127493922	32.4445719607619
134	11.2308661405484	37.4534110810266
135	40.1135415561605	37.4534110810266
136	44.0387222829663	7.4299733673643
137	94.591983892897	7.4299733673643
138	10.6607991759631	36.8789235468901
139	28.4636211991863	36.8789235468901
140	24.5547958271918	36.96027050574
141	31.8028769011662	36.96027050574
142	11.3179319216311	3.53572536302794
143	60.2393382840171	3.53572536302794
144	4.42936015206013	4.39084024762721
145	38.5780936843379	4.39084024762721
146	25.126466292956	39.0075896882056
147	27.6730155931083	39.0075896882056
148	14.033915326928	38.3492984972737
149	11.7511040015708	38.3492984972737
150	64.1011777397698	38.6778169401989
151	37.73140144338	38.6778169401989
152	25.625277530617	9.95385974030544
153	50.5064145508529	9.95385974030544
154	33.1050310433121	38.5128550558181
155	24.6468305673736	38.5128550558181
156	11.0128035484339	4.22998854294988
157	20.847506625813	4.22998854294988
158	13.1154205603236	9.36348060184892
159	28.2436152134982	9.36348060184892
160	16.4399168284122	30.5729178683699
161	29.272418674476	30.5729178683699
162	19.8414891739319	7.33079656152214
163	28.9644688931819	7.33079656152214
164	34.8275880050409	5.54592707981586
165	5.58054587717656	5.54592707981586
166	48.9788670905399	6.4445540262428
167	24.527883497981	6.4445540262428
168	8.72329571134653	9.79548790798672
169	20.1049792438037	9.79548790798672
170	5.81763310829445	41.6454368731654
171	11.8803256305805	41.6454368731654
172	25.1461296530095	18.1593944952029
173	43.8632441682921	18.1593944952029
174	28.3786388496245	12.5022849927428
175	30.2772314875866	12.5022849927428
176	12.9940413502614	18.5620036231093
177	25.4632582450115	18.5620036231093
178	11.8975906754823	4.42936015206013
179	46.2373810791321	4.42936015206013
180	57.0751780759846	17.9692047354426
181	27.3883237345096	17.9692047354426
182	6.77192335597381	43.3409979075067
183	27.6667743190766	43.3409979075067
184	7.63014677595074	45.8735700163171
185	17.9893264700637	45.8735700163171
186	35.4201281827271	45.5397313922176
187	38.9590225437288	45.5397313922176
188	15.3829103597076	44.0922945932462
189	0.185839803937334	44.0922945932462
190	15.9821084783255	11.9249340539527
191	24.6658538305061	11.9249340539527
192	24.9558963703732	14.9248918614982
193	21.73165358498	14.9248918614982
194	2.05699606172367	29.0157808585597
195	21.6245710020703	29.0157808585597
196	39.905649683283	15.9344887757137
197	45.5625260788393	15.9344887757137
198	27.0114803345919	41.5850661769662
199	7.13963956377449	41.5850661769662
200	19.0591111944598	13.820474627411
201	56.8084749262393	13.820474627411
202	2.28885807299483	16.4124129593396
203	1.97049718769451	16.4124129593396
204	4.41654511013687	5.58054587717656
205	33.9256372931426	5.58054587717656
206	12.2979655662486	46.0135575874394
207	20.2797989825051	46.0135575874394
208	19.6978691079295	5.81763310829445
209	27.7419969824422	5.81763310829445
210	21.0923358717866	0.185839803937334
211	26.3922276609732	0.185839803937334
212	33.6773558411173	2.05699606172367
213	8.21861898225163	2.05699606172367
214	51.7808766519907	10.6607991759631
215	9.68972153798651	10.6607991759631
216	32.509990516269	2.28885807299483
217	17.8145629340693	2.28885807299483
218	55.2152551001012	1.97049718769451
219	27.836878422605	1.97049718769451
220	22.9119067466228	13.6584926991005
221	1.61058296998362	13.6584926991005
222	1.48705854008744	47.0970143776701
223	33.9934684896059	47.0970143776701
224	23.08098393025	14.9107044142216
225	24.7267477961343	14.9107044142216
226	52.4623083814216	17.892452536929
227	13.9623473611919	17.892452536929
228	28.7829874565554	27.2355308271707
229	29.3399629467501	27.2355308271707
230	7.16201050732263	48.0100520371583
231	30.3566777093908	48.0100520371583
232	19.6910560856956	11.2308661405484
233	8.7151259264271	11.2308661405484
234	22.2522290044289	18.8593181241364
235	45.0744952584691	18.8593181241364
236	22.1374646639386	48.7486739555337
237	30.4301390262528	48.7486739555337
238	4.82344196846366	30.6867923426324
239	1.13800176999667	30.6867923426324
240	36.191452600379	48.5939698586659
241	45.9059172036503	48.5939698586659
242	28.361983105532	20.304782969034
243	27.4028553854007	20.304782969034
244	65.4309149664576	1.48705854008744
245	18.2605880642025	1.48705854008744
246	12.4401249169755	21.4176308410441
247	42.9227258995381	21.4176308410441
248	17.5446297341049	29.3101830248583
249	82.7758162711977	11.3179319216311
250	14.3887059860378	11.3179319216311
251	9.70639249552443	4.41654511013687
252	46.000325363967	4.41654511013687
253	22.6317367911213	50.1421960146159
254	3.09021689879222	50.1421960146159
255	50.6564400725987	11.7511040015708
256	34.3963246562271	11.7511040015708
257	14.1170210898004	17.2502643295025
258	49.2797827720787	17.2502643295025
259	23.6794877743196	27.4911561323111
260	4.99901478327172	27.4911561323111
261	11.9097370875195	6.77192335597381
262	19.8319657834681	6.77192335597381
263	35.2913431294677	29.4059844614375
264	1.12116686697181	29.4059844614375
265	43.9438750522551	51.5742704187072
266	28.9122097141648	51.5742704187072
267	60.5066368789019	1.13800176999667
268	18.304527195472	1.13800176999667
269	39.7166729051368	11.0128035484339
270	12.2842527660507	11.0128035484339
271	28.8721381177403	43.1017999568526
272	37.4322644049654	43.1017999568526
273	16.0153527630405	50.1781944096985
274	11.8157224781645	50.1781944096985
275	34.553431215239	51.3886353629653
276	22.9259056629365	51.3886353629653
277	6.29106320385667	44.8830293215261
278	5.97369469155226	44.8830293215261
279	3.04302680476459	7.63014677595074
280	34.1545097824318	7.63014677595074
281	12.6431891172456	3.09021689879222
282	23.5678502924355	3.09021689879222
283	42.4441501202329	14.033915326928
284	17.0432203898539	14.033915326928
285	31.1722893217748	21.598893992523
286	51.1061988789345	21.598893992523
287	75.3037957450429	11.8803256305805
288	57.4079263611842	11.8803256305805
289	1.4056532136197	21.5099117532435
290	18.6560075036566	21.5099117532435
291	7.09152471508654	52.1896150306513
292	19.0494855172905	52.1896150306513
293	20.5908514549618	52.5936942228556
294	8.62574895020746	52.5936942228556
295	53.7788645942517	24.9847173045944
296	29.893026514291	24.9847173045944
297	6.64719723973288	1.12116686697181
298	71.7094387821334	1.12116686697181
299	9.57795241701228	52.6978514977206
300	18.1966601627003	52.6978514977206
301	0.695049529959352	4.82344196846366
302	23.6227003304186	4.82344196846366
303	21.750337765997	13.1154205603236
304	28.2507270022361	13.1154205603236
305	43.6562541557923	18.8220892713017
306	55.3421209780326	18.8220892713017
307	58.651957938279	11.8975906754823
308	5.05621901695894	11.8975906754823
309	15.1266981750129	20.8984298960054
310	2.89851704845257	20.8984298960054
311	39.0233747158092	16.823060090164
312	19.7200666380844	16.823060090164
313	40.6759204073611	55.659296127481
314	17.4652892295566	55.659296127481
315	14.0714660627287	7.16201050732263
316	2.15655808469154	7.16201050732263
317	25.9159328051731	17.6673079798875
318	75.5378708347464	17.6673079798875
319	13.0635878171774	18.5876889110899
320	12.9919397629024	18.5876889110899
321	10.7675215426061	1.4056532136197
322	14.4605413728346	37.92899948998
323	4.46600103616255	37.92899948998
324	19.8187203219072	35.9494836820793
325	7.51720095514499	35.9494836820793
326	54.7736040348049	0.695049529959352
327	30.3906054422252	0.695049529959352
328	45.0463583960968	16.4399168284122
329	68.8826288351892	16.4399168284122
330	6.59312873583832	31.3800745136608
331	5.83602693999226	31.3800745136608
332	17.9923783250077	12.9940413502614
333	11.2813209373038	12.9940413502614
334	19.7266118829561	20.8257225359522
335	16.7233993464041	20.8257225359522
336	5.85586461892584	20.3871765285966
337	5.25304645044442	20.3871765285966
338	27.7724266694084	3.04302680476459
339	9.78600708654732	3.04302680476459
340	5.40358784770812	56.6387858441427
341	17.0583111380623	56.6387858441427
342	34.6144677132999	35.5045887615228
343	22.1048366761376	35.5045887615228
344	23.6535299996527	57.9229383460226
345	7.62654353417018	57.9229383460226
346	47.0420906239393	35.4488669921187
347	39.3043572719003	35.4488669921187
348	34.8169424639613	8.7151259264271
349	45.442756922387	8.7151259264271
350	12.1263058210948	9.68972153798651
351	13.360776773312	9.68972153798651
352	8.3228576000877	25.5832963502547
353	32.692996386519	25.5832963502547
354	21.1950723115489	2.89851704845257
355	37.7072136576515	2.89851704845257
356	7.09934890611983	28.5576796216863
357	38.2759082093995	28.5576796216863
358	9.34218360118353	5.97369469155226
359	38.607029452802	5.97369469155226
360	8.94393162025609	27.3628982395967
361	31.7010726427516	27.3628982395967
362	5.01656815194886	36.7072288048271
363	2.91424538764405	36.7072288048271
364	24.0584217791251	12.2979655662486
365	8.5984061642819	12.2979655662486
366	37.7053159337427	59.7991907526067
367	6.15239857886949	59.7991907526067
368	36.1576507125928	15.3829103597076
369	41.9982145905459	15.3829103597076
370	87.1112209304421	7.09152471508654
371	34.5896452975351	7.09152471508654
372	11.1207336833535	40.7319367960588
373	49.9561807229023	40.7319367960588
374	17.3646888601972	58.6131770553025
375	21.6052694965744	58.6131770553025
376	23.4391776617909	34.7531188817442
377	0.523220938290809	34.7531188817442
378	0.675260474484713	27.8169724995473
379	5.49497014219943	27.8169724995473
380	20.5356162430655	19.8414891739319
381	24.3218899482682	19.8414891739319
382	10.6745297788961	6.29106320385667
383	18.0282870713423	6.29106320385667
384	36.1096593173144	5.85586461892584
385	43.3618245297363	5.85586461892584
386	65.5539193384553	5.25304645044442
387	18.7187523454524	5.25304645044442
388	19.0847879677844	9.70639249552443
389	38.7658648597095	9.70639249552443
390	20.9742230063334	2.91424538764405
391	28.1335936992091	2.91424538764405
392	32.498394641894	15.9821084783255
393	34.7033936018097	15.9821084783255
394	60.0750589934743	37.8455226571734
395	30.7967890737209	37.8455226571734
396	10.5821424265304	8.62574895020746
397	41.295181495575	8.62574895020746
398	44.020357782363	4.46600103616255
399	22.6401579656205	4.46600103616255
400	25.0967122459978	7.51720095514499
401	14.8356686762705	7.51720095514499
402	17.3566254842779	20.847506625813
403	20.5640712614073	20.847506625813
404	10.6976306648315	0.523220938290809
405	27.3844253434299	0.523220938290809
406	11.1626329605563	6.59312873583832
407	9.21942315229746	6.59312873583832
408	38.5681445438155	5.83602693999226
409	5.06218230177032	5.83602693999226
410	13.3737877019477	12.4401249169755
411	27.5162718267374	12.4401249169755
412	5.23396023175967	0.675260474484713
413	17.5301585251368	0.675260474484713
414	61.5175903012271	11.8157224781645
415	19.9845773116978	11.8157224781645
416	19.9667697953755	24.5547958271918
417	67.6277268857565	24.5547958271918
418	44.1315404377275	27.0246350514555
419	26.3791382386977	27.0246350514555
420	12.6551555741143	61.8379081804358
421	68.2208344623666	61.8379081804358
422	23.6693012181988	27.4426944189634
423	11.3364334440411	27.4426944189634
424	20.0070104111618	17.9893264700637
425	52.9228769580235	17.9893264700637
426	1.83806113334407	5.40358784770812
427	11.5306414565709	5.40358784770812
428	50.6580143494018	5.01656815194886
429	29.1433007646202	5.01656815194886
430	34.7011248826091	11.9097370875195
431	24.8234147151487	11.9097370875195
432	29.8538173051137	9.57795241701228
433	48.6733032480004	9.57795241701228
434	0.389557401228707	24.6468305673736
435	8.6107939569144	24.6468305673736
436	30.198329995914	12.2842527660507
437	20.592815081082	12.2842527660507
438	5.08499820635827	28.2334309667475
439	6.05869131501391	28.2334309667475
440	53.3261030962669	27.7950772619738
441	8.95673468742068	27.7950772619738
442	32.3243743059047	29.9953063299894
443	37.651809120258	29.9953063299894
444	31.9305357347488	25.126466292956
445	18.7540968778844	25.126466292956
446	14.4505240204536	1.83806113334407
447	15.1408834088228	1.83806113334407
448	58.540394813917	12.6431891172456
449	9.62415370189508	12.6431891172456
450	1.71053669509831	65.2088946146123
451	17.1074571024187	65.2088946146123
452	34.8316345335339	6.15239857886949
453	5.38851297126069	6.15239857886949
454	59.834058932122	21.0923358717866
455	11.3715712981603	21.0923358717866
456	27.9656075763175	14.1170210898004
457	15.4488539257644	14.1170210898004
458	8.08334810685066	7.62654353417018
459	28.7401766968826	7.62654353417018
460	45.5836232104549	21.6245710020703
461	22.8339877831654	21.6245710020703
462	28.6656647181363	25.625277530617
463	2.89668021752125	25.625277530617
464	17.2193543812318	28.4636211991863
465	10.2375277104279	28.4636211991863
466	19.7308093315334	0.389557401228707
467	24.6401224816454	0.389557401228707
468	18.1157783211781	46.957250691143
469	8.72288625933837	46.957250691143
470	1.49514018900086	64.6275556688568
471	9.9123569767228	64.6275556688568
472	4.4319096145966	38.1991418484718
473	19.3961680336826	38.1991418484718
474	36.0194892068857	5.06218230177032
475	27.5927607220062	5.06218230177032
476	22.1241016132287	11.2813209373038
477	6.97287068788505	11.2813209373038
478	13.4410602659301	5.49497014219943
479	17.2080955763288	5.49497014219943
480	92.7078871975932	39.6996581234826
481	15.259599392683	39.6996581234826
482	0.940609038449054	34.4004694626189
483	4.06642136115962	34.4004694626189
484	58.1723456893682	7.09934890611983
485	58.3550307990085	7.09934890611983
486	27.8611314585628	27.6730155931083
487	27.4543287505634	27.6730155931083
488	20.3746259178303	67.6734720787169
489	28.0000775940923	67.6734720787169
490	27.4477552052356	1.71053669509831
491	12.793551938005	1.71053669509831
492	42.5249638776738	8.5984061642819
493	1.57303252153659	8.5984061642819
494	7.84938821456256	20.2797989825051
495	23.8046122388581	20.2797989825051
496	21.4613988117611	19.6978691079295
497	23.8088853396845	19.6978691079295
498	62.9909921669097	29.5830173971991
499	13.2394952387697	29.5830173971991
500	4.75011770592743	25.1461296530095
501	22.2389913607912	25.1461296530095
502	49.4462749673597	21.73165358498
503	24.5812833372848	21.73165358498
504	33.0603727639663	18.304527195472
505	37.1752804299925	18.304527195472
506	10.959608419158	28.2436152134982
507	25.7289466309698	28.2436152134982
508	32.9559226637384	1.49514018900086
509	21.0894127652456	1.49514018900086
510	47.8885479620382	18.2605880642025
511	19.7263726703029	18.2605880642025
512	20.5795106363324	25.4632582450115
513	2.63499002167448	25.4632582450115
514	34.0125893369523	16.0153527630405
515	8.74962485998216	16.0153527630405
516	13.870250183165	9.34218360118353
517	69.8049328796386	9.34218360118353
518	18.0795260358378	45.591156451091
519	29.4678034996667	45.591156451091
520	54.8454335861072	17.0432203898539
521	20.9607480848189	17.0432203898539
522	9.7101223529516	1.57303252153659
523	31.7385414919869	1.57303252153659
524	36.1389640290006	44.3576899078247
525	5.57436355072602	44.3576899078247
526	34.9599667841836	27.3883237345096
527	17.6755736057614	27.3883237345096
528	56.0431826424198	13.0635878171774
529	44.1670093461067	13.0635878171774
530	36.9383981942917	12.9919397629024
531	48.0490251685144	12.9919397629024
532	22.0001606680031	19.8319657834681
533	45.3735805719289	19.8319657834681
534	4.21745201766671	19.6910560856956
535	10.3963275306118	19.6910560856956
536	29.4866213264334	2.89668021752125
537	17.829229486197	2.89668021752125
538	8.02833105855639	12.1263058210948
539	39.7640083532889	12.1263058210948
540	45.7590587675026	29.272418674476
541	6.45289365946534	29.272418674476
542	24.1250937974134	2.63499002167448
543	56.12132756583	2.63499002167448
544	6.17165004221798	31.8028769011662
545	40.5157534465976	31.8028769011662
546	28.927943839288	28.9644688931819
547	39.4956376360279	28.9644688931819
548	8.73710639400184	41.9889970810773
549	4.91961242756658	41.9889970810773
550	29.4711464912192	15.1266981750129
551	3.49583219157115	15.1266981750129
552	6.91054358579126	10.6745297788961
553	54.1074659927464	10.6745297788961
554	22.9210959313002	5.38851297126069
555	77.2991003473929	5.38851297126069
556	6.75267318954176	26.3922276609732
557	33.4858355437946	26.3922276609732
558	27.2896947482923	24.6658538305061
559	1.25826335284794	24.6658538305061
560	26.9633016847329	18.6560075036566
561	37.8191900726469	18.6560075036566
562	12.321255276572	24.9558963703732
563	20.5092324081792	24.9558963703732
564	29.1006386945318	19.0494855172905
565	13.5529508008842	19.0494855172905
566	4.24774196497668	10.5821424265304
567	18.72153784954	10.5821424265304
568	7.96542788956604	47.4183218963766
569	20.707412777566	47.4183218963766
570	4.36869873501976	27.6667743190766
571	43.5025719885902	27.6667743190766
572	11.9016952227983	41.8748908927565
573	35.1100545799185	41.8748908927565
574	28.893067055844	18.1966601627003
575	24.7843033056697	18.1966601627003
576	7.73020643017315	22.2522290044289
577	10.1988615411837	22.2522290044289
578	61.1208335254518	22.1374646639386
579	15.6129282243953	22.1374646639386
580	29.2812864133688	14.4605413728346
581	17.1262515211871	14.4605413728346
582	3.13092278543096	53.5987365134174
583	12.8267217286421	11.1207336833535
584	42.3324224998944	11.1207336833535
585	15.2816281329315	13.360776773312
586	24.5594685158903	13.360776773312
587	9.35165090859581	33.1050310433121
588	5.46531790088959	33.1050310433121
589	24.1919847185532	8.6107939569144
590	13.4070198590908	8.6107939569144
591	26.1868830380904	4.4319096145966
592	8.70323922120772	4.4319096145966
593	4.54502301628698	9.21942315229746
594	13.6846562939347	9.21942315229746
595	18.9054213025265	23.08098393025
596	2.59405618192552	23.08098393025
597	53.7936401732893	24.7267477961343
598	8.82766288297723	24.7267477961343
599	23.2646138015271	16.7233993464041
600	26.675362446547	16.7233993464041
601	10.4389965135183	35.5150690918733
602	20.135528694661	35.5150690918733
603	21.2661419714033	17.4652892295566
604	14.511217619897	17.4652892295566
605	2.89960987252919	11.5306414565709
606	66.8308398800217	11.5306414565709
607	20.2992572142298	17.0583111380623
608	7.75940757557136	17.0583111380623
609	27.3657781933796	22.6317367911213
610	10.513184081557	22.6317367911213
611	3.91751449601413	8.08334810685066
612	27.191467397404	8.08334810685066
613	4.09142486997271	20.5908514549618
614	3.16564744818192	20.5908514549618
615	23.1822657757974	8.72288625933837
616	13.7335445584425	8.72288625933837
617	7.15898496482358	11.1626329605563
618	5.1508468014047	11.1626329605563
619	16.0136685812082	17.9923783250077
620	18.8951904292061	17.9923783250077
621	63.9032091013805	6.97287068788505
622	3.88069340501006	6.97287068788505
623	7.22830003605324	42.649939352849
624	29.2282156376369	42.649939352849
625	31.4101000077243	3.49583219157115
626	8.94433679900188	3.49583219157115
627	35.0166402643711	11.3364334440411
628	4.2632264532604	11.3364334440411
629	27.0840557205664	34.8275880050409
630	9.77319971041856	34.8275880050409
631	42.1872899989381	7.84938821456256
632	23.0164585762713	7.84938821456256
633	6.85165033490619	5.57436355072602
634	17.0769322997032	5.57436355072602
635	77.2419702009683	27.7419969824422
636	4.34237510212616	27.7419969824422
637	44.4629347788603	74.4422150665153
638	11.6212722802261	74.4422150665153
639	21.6814145228574	4.36869873501976
640	25.1508785026056	4.36869873501976
641	10.3016793663885	19.8187203219072
642	57.8823392833663	19.8187203219072
643	27.2552730801308	10.2375277104279
644	5.22811255374109	10.2375277104279
645	7.3217468886258	50.9139476325782
646	21.1576388712363	50.9139476325782
647	8.22780857424119	17.3646888601972
648	4.54974545446652	17.3646888601972
649	11.9283743149286	39.6404880810717
650	12.519822404508	39.6404880810717
651	18.5755910287163	9.9123569767228
652	49.0595905358968	9.9123569767228
653	21.7672719992229	4.54502301628698
654	26.1006798098177	4.54502301628698
655	11.6495780513015	19.7266118829561
656	23.8357542865784	19.7266118829561
657	1.97520322367167	38.5780936843379
658	54.2963424918041	38.5780936843379
659	4.97972598905534	12.6551555741143
660	41.3983874370375	12.6551555741143
661	23.3285909001407	22.9259056629365
662	9.43428654148559	22.9259056629365
663	1.94940207277444	23.5678502924355
664	26.1479823064864	23.5678502924355
665	4.83203948533744	37.73140144338
666	30.0915687458479	37.73140144338
667	50.8289578380527	4.09142486997271
668	4.01341885036497	4.09142486997271
669	24.1266973981573	3.16564744818192
670	16.8387594715625	3.16564744818192
671	9.35478675705761	40.1135415561605
672	23.9436475643877	40.1135415561605
673	22.6629654184436	14.8356686762705
674	18.8157219930311	14.8356686762705
675	41.333141249012	5.46531790088959
676	31.4639753242863	5.46531790088959
677	25.0991134612617	23.6227003304186
678	11.455984273743	23.6227003304186
679	5.80788105744143	5.1508468014047
680	22.8523258353455	5.1508468014047
681	17.8593980035996	49.238146947567
682	27.4565295862919	49.238146947567
683	18.8479031814812	77.3561671050179
684	17.1118791649044	77.3561671050179
685	27.2405195101402	44.1037937083886
686	6.08645438321891	44.1037937083886
687	32.9357125076862	1.97520322367167
688	73.7871494253381	1.97520322367167
689	20.1476245233707	21.1950723115489
690	38.1303401133384	21.1950723115489
691	39.3842687076049	18.0282870713423
692	1.27665268643882	18.0282870713423
693	66.6889967912287	4.2632264532604
694	31.6043931601136	4.2632264532604
695	17.9882123549804	47.2322812014005
696	8.12226278525306	47.2322812014005
697	33.5152042777472	28.7829874565554
698	4.9427405556974	28.7829874565554
699	16.1557737990343	29.3399629467501
700	31.9406448556119	29.3399629467501
701	26.1921340009493	30.3566777093908
702	16.2917049199528	30.3566777093908
703	38.362172143392	12.793551938005
704	13.9910459591429	12.793551938005
705	49.8645182775078	22.1048366761376
706	10.6339719639421	22.1048366761376
707	2.78466208451166	13.2394952387697
708	13.1634970789518	13.2394952387697
709	47.9998404223946	7.73020643017315
710	36.2581927164462	7.73020643017315
711	3.45543492371375	30.4301390262528
712	15.7476391510636	30.4301390262528
713	42.7621370029416	17.3566254842779
714	26.1320463679675	17.3566254842779
715	47.2090897877911	78.6198678732717
716	13.3783026900985	78.6198678732717
717	4.32956458526006	28.8721381177403
718	22.0832791715832	28.8721381177403
719	44.0950366511571	7.15898496482358
720	11.7026521249713	7.15898496482358
721	4.55448946938242	4.97972598905534
722	13.1652249582845	4.97972598905534
723	22.3073655866967	48.7170007056478
724	7.92197740631902	48.7170007056478
725	10.9415387221213	18.7187523454524
726	22.0587177878743	18.7187523454524
727	5.25802061023047	33.9256372931426
728	40.1643820840812	33.9256372931426
729	50.7733393356867	35.4201281827271
730	21.8391904043321	35.4201281827271
731	7.60708272792574	7.75940757557136
732	58.3175128980867	7.75940757557136
733	25.4278379116742	25.9159328051731
734	16.0449697488073	25.9159328051731
735	10.9643802597713	23.6535299996527
736	14.8194845949689	23.6535299996527
737	24.0199272381136	4.83203948533744
738	60.4195422538733	4.83203948533744
739	23.5519438176836	10.1988615411837
740	41.1687726446614	10.1988615411837
741	22.3820702422352	44.0387222829663
742	18.2495433307751	44.0387222829663
743	6.43964733443317	28.9122097141648
744	11.8332545867325	28.9122097141648
745	33.3731141587908	5.22811255374109
746	47.1806999809893	5.22811255374109
747	38.3777784918561	9.35165090859581
748	24.3543246550249	9.35165090859581
749	18.7633144765712	4.54974545446652
750	4.4249001503962	4.54974545446652
751	2.0281800366947	21.6052694965744
752	17.2248187679784	21.6052694965744
753	15.565159051405	20.5640712614073
754	12.6112879865599	20.5640712614073
755	55.3951218383025	23.4391776617909
756	6.55398229606122	23.4391776617909
757	22.0157510075922	33.9934684896059
758	19.1833544571343	33.9934684896059
759	6.1842089400449	48.6649432586117
760	12.4488453807208	48.6649432586117
761	11.4658062270684	18.7540968778844
762	5.14425308409419	18.7540968778844
763	16.7856935519852	20.0070104111618
764	2.88390450731801	20.0070104111618
765	1.69411616419076	4.9427405556974
766	15.9413063408104	4.9427405556974
767	18.7964725075313	10.513184081557
768	41.6800759312638	10.513184081557
769	2.2306482884433	17.1074571024187
770	8.49078567761412	17.1074571024187
771	50.8858373713793	31.1722893217748
772	6.82216908047799	31.1722893217748
773	8.467508887146	20.9742230063334
774	24.9237875942435	20.9742230063334
775	37.0653669194857	24.0584217791251
776	52.6211230275966	24.0584217791251
777	20.9737063094304	62.3658674052045
778	21.7269240423948	62.3658674052045
779	5.5323165870403	11.9016952227983
780	4.1173703016435	11.9016952227983
781	7.48227048684643	29.893026514291
782	12.182998351414	29.893026514291
783	7.54912730745706	3.45543492371375
784	13.3692492692516	3.45543492371375
785	22.2949714012247	22.6401579656205
786	2.40859158414126	22.6401579656205
787	4.12948076169573	12.8267217286421
788	26.9657828025414	12.8267217286421
789	11.618606724537	17.2193543812318
790	6.91479446313228	17.2193543812318
791	48.169605619787	19.7308093315334
792	22.8579015653529	19.7308093315334
793	6.10148342384593	7.3217468886258
794	19.5693951625721	7.3217468886258
795	24.1552827633508	2.0281800366947
796	24.5193274941187	2.0281800366947
797	2.60589433701554	18.1157783211781
798	12.3524408796798	18.1157783211781
799	36.6656818125761	4.32956458526006
800	7.50078352220967	4.32956458526006
801	62.2205664042202	13.6846562939347
802	1.17789075135515	13.6846562939347
803	2.73172403013292	6.08645438321891
804	5.79389794790996	6.08645438321891
805	77.6481881462137	9.43428654148559
806	14.2636019555119	9.43428654148559
807	43.3581840330833	9.77319971041856
808	30.8092475095241	9.77319971041856
809	9.74695151215294	5.25802061023047
810	8.08915681671415	5.25802061023047
811	39.9546758646344	38.9590225437288
812	0.446818009854969	38.9590225437288
813	26.2850793039148	34.3963246562271
814	10.5174931372784	34.3963246562271
815	40.7005213900437	2.2306482884433
816	39.3029190280086	2.2306482884433
817	19.7020682125277	43.8632441682921
818	4.90593578463345	43.8632441682921
819	26.9168335212345	13.5529508008842
820	41.6194971441168	13.5529508008842
821	22.9445585551084	2.40859158414126
822	34.6837884668281	2.40859158414126
823	11.2479922949103	39.905649683283
824	2.15649632779524	39.905649683283
825	22.1142330898237	10.3016793663885
826	39.5613935487537	10.3016793663885
827	80.0171020659663	13.4070198590908
828	58.9719397586292	13.4070198590908
829	43.8217254564714	8.22780857424119
830	25.0342215985498	8.22780857424119
831	30.1327655415821	4.4249001503962
832	32.2768443337038	4.4249001503962
833	24.8357437098781	2.60589433701554
834	43.2321834717828	2.60589433701554
835	27.071298261562	30.3906054422252
836	40.4035385620561	30.3906054422252
837	0.919264499604257	36.191452600379
838	18.2913154236222	36.191452600379
839	11.0151967351086	19.3961680336826
840	15.0484494401069	19.3961680336826
841	10.485098326573	11.6495780513015
842	13.0354508472502	11.6495780513015
843	4.69718518849715	7.92197740631902
844	33.6076719003737	7.92197740631902
845	33.7563339182441	34.553431215239
846	9.68618159648458	34.553431215239
847	67.0260224512032	23.6693012181988
848	34.7943401571774	23.6693012181988
849	6.28252504170044	34.1545097824318
850	13.3030325737524	34.1545097824318
851	18.6211814276405	18.0795260358378
852	12.4596357337496	18.0795260358378
853	19.9863483163897	0.446818009854969
854	3.8104619571513	0.446818009854969
855	36.8185949148208	14.511217619897
856	63.9526630802512	14.511217619897
857	35.4861743173967	11.6212722802261
858	27.5415449844061	11.6212722802261
859	29.3645386441361	63.6437006896353
860	34.5126753166845	63.6437006896353
861	15.2226255148238	24.8234147151487
862	52.9527968400116	24.8234147151487
863	9.24281738882405	35.2913431294677
864	26.3707566782983	35.2913431294677
865	10.1240147805979	65.1135640250973
866	6.53451848325526	65.1135640250973
867	17.9950283688704	9.35478675705761
868	37.7859494318557	9.35478675705761
869	34.7172000155598	15.6129282243953
870	7.86953734684419	15.6129282243953
871	40.7059579066832	17.1262515211871
872	41.7196268204202	17.1262515211871
873	30.7806939208081	2.15649632779524
874	60.1742151361191	2.15649632779524
875	23.7775305006941	6.43964733443317
876	3.76843501522835	6.43964733443317
877	15.5812374013281	25.0967122459978
878	24.2017718892066	25.0967122459978
879	29.2389156118223	86.5044170896628
880	5.32026995805791	86.5044170896628
881	3.2368305098728	62.1673138575216
882	28.2108655310105	62.1673138575216
883	36.361186605072	13.7335445584425
884	18.2198424726467	13.7335445584425
885	55.7078073666846	21.0894127652456
886	2.10701524166281	21.0894127652456
887	62.7187627728005	0.919264499604257
888	23.7116524827378	0.919264499604257
889	7.21740748914732	37.4322644049654
890	3.87984763711901	37.4322644049654
891	26.4993646530128	86.9401058343819
892	5.07214346457758	86.9401058343819
893	48.0833536367654	19.7263726703029
894	27.7801846695573	19.7263726703029
895	13.0979746196121	22.1241016132287
896	26.1501042284816	22.1241016132287
897	5.66137812736742	20.5795106363324
898	11.7668943771457	20.5795106363324
899	22.3753449145275	26.3791382386977
900	21.3662399537346	26.3791382386977
901	10.7268730048449	46.2373810791321
902	9.56112754774207	46.2373810791321
903	1.67172618819059	6.1842089400449
904	49.3987166840724	6.1842089400449
905	46.0195283667955	3.8104619571513
906	3.56101889459041	3.8104619571513
907	17.1260819083274	20.3746259178303
908	1.11267139405321	20.3746259178303
909	41.8817572928668	28.1335936992091
910	36.4330500037658	28.1335936992091
911	10.8312385924234	10.6339719639421
912	37.8277239111881	10.6339719639421
913	23.1650075100397	51.5981127493922
914	50.7186366369201	51.5981127493922
915	14.2597416463401	6.91479446313228
916	12.8452932660058	6.91479446313228
917	4.73035985944693	24.6401224816454
918	40.7785826591766	24.6401224816454
919	36.0340618619685	6.10148342384593
920	50.8947809785838	6.10148342384593
921	41.1048120773106	11.455984273743
922	17.1332008952409	11.455984273743
923	32.6572778417986	2.10701524166281
924	33.7642868116971	2.10701524166281
925	14.0134357738841	16.0136685812082
926	20.2569429139817	16.0136685812082
927	40.7669763683875	20.9607480848189
928	3.88751378246982	20.9607480848189
929	50.909644321358	8.49078567761412
930	21.8911940681722	8.49078567761412
931	40.0691762934712	23.8046122388581
932	23.7146379469662	23.8046122388581
933	6.78609313129942	34.6144677132999
934	16.1878857008637	34.6144677132999
935	51.8233611649932	22.0001606680031
936	5.66211959805887	22.0001606680031
937	12.9479551741357	45.5625260788393
938	28.1761975870624	45.5625260788393
939	26.3686984829906	50.5064145508529
940	5.32828314833537	50.5064145508529
941	27.1219540836428	3.76843501522835
942	28.1618358711486	3.76843501522835
943	4.67242164543847	5.32026995805791
944	31.3750919789078	5.32026995805791
945	17.800000048185	3.2368305098728
946	32.3791614112141	3.2368305098728
947	18.2208479194406	39.7166729051368
948	65.5985007706437	39.7166729051368
949	12.6272556502513	13.3783026900985
950	3.87072563772894	13.3783026900985
951	14.2470049416257	3.87984763711901
952	36.6419094909106	3.87984763711901
953	4.97961914446779	18.8951904292061
954	7.03407713319524	18.8951904292061
955	53.1941090569229	42.9227258995381
956	18.3352967780729	42.9227258995381
957	59.9460032274913	20.2992572142298
958	24.8336259830525	20.2992572142298
959	28.6385582048229	29.1433007646202
960	3.58199164575958	29.1433007646202
961	17.2187997076055	34.5896452975351
962	27.9255974275153	34.5896452975351
963	19.098177174719	10.9643802597713
964	5.20704746410642	10.9643802597713
965	7.95723670243143	6.53451848325526
966	55.9656887117504	6.53451848325526
967	7.31756976338558	45.0744952584691
968	62.0148200585837	45.0744952584691
969	3.09737763647283	11.8332545867325
970	13.0685268266209	11.8332545867325
971	45.5561657023597	18.5755910287163
972	0.665413998887942	18.5755910287163
973	22.5342563123984	5.07214346457758
974	1.90153963140529	5.07214346457758
975	37.8101104540237	27.5927607220062
976	2.6076166035205	27.5927607220062
977	18.9026067036349	5.66137812736742
978	30.1827888463177	5.66137812736742
979	12.2612741438106	24.1250937974134
980	37.2782416377181	24.1250937974134
981	19.1348664105189	12.4488453807208
982	34.9757943911334	27.8611314585628
983	24.3705393626628	27.4543287505634
984	12.7254407686698	27.4543287505634
985	39.6227015049361	16.1557737990343
986	22.8246161016446	16.1557737990343
987	38.7957688095233	21.2661419714033
988	16.4429519319377	21.2661419714033
989	18.4500542480731	28.0000775940923
990	38.1801662661088	28.0000775940923
991	13.144135919049	42.4441501202329
992	28.017088823656	42.4441501202329
993	52.5937861330447	10.5174931372784
994	27.5667020279269	10.5174931372784
995	60.5078445596354	27.4477552052356
996	5.98962971001302	27.4477552052356
997	7.09459864070173	22.9210959313002
998	49.6049687032885	22.9210959313002
999	6.49808169082062	36.1576507125928
1000	19.7496689329377	36.1576507125928
1001	67.5112749306192	28.7401766968826
1002	19.2854195725904	28.7401766968826
1003	6.47430396713321	90.9747507186492
1004	3.06835650554339	90.9747507186492
1005	25.3378602887084	88.3109278746524
1006	37.9886055337221	88.3109278746524
1007	8.02804495234284	15.7476391510636
1008	13.9481942461965	15.7476391510636
1009	7.05837091825925	28.6656647181363
1010	0.904775745724155	28.6656647181363
1011	2.34046279289759	5.32828314833537
1012	16.7584535699593	5.32828314833537
1013	10.032965139985	43.9438750522551
1014	6.38922210547171	43.9438750522551
1015	13.2939561313924	3.09737763647283
1016	14.766754280727	3.09737763647283
1017	43.9107811674621	11.618606724537
1018	35.145993244864	11.618606724537
1019	6.89123306351174	24.1919847185532
1020	14.826880785915	24.1919847185532
1021	11.8670998086692	12.3524408796798
1022	16.0060506596138	12.3524408796798
1023	29.7053148477934	0.665413998887942
1024	17.6143459811278	0.665413998887942
1025	6.31190448521563	3.87072563772894
1026	33.2999951461214	3.87072563772894
1027	15.9217372355418	45.9059172036503
1028	19.4427146171423	45.9059172036503
1029	4.80567638788272	7.21740748914732
1030	5.7152200732519	7.21740748914732
1031	34.5107765623529	1.90153963140529
1032	48.2339227424167	1.90153963140529
1033	16.1710009866251	17.8593980035996
1034	48.819258068916	17.8593980035996
1035	49.2498002882567	17.1118791649044
1036	31.0387959851221	17.1118791649044
1037	26.4230017341285	32.3243743059047
1038	5.64058183684423	32.3243743059047
1039	20.7471896195349	23.2646138015271
1040	27.8483509191593	23.2646138015271
1041	3.24872527093977	37.7072136576515
1042	30.0670421984558	37.7072136576515
1043	11.1981408765682	9.68618159648458
1044	1.62940013005898	9.68618159648458
1045	20.3997742599383	31.9305357347488
1046	68.8596297185574	31.9305357347488
1047	22.1410568793091	46.000325363967
1048	3.72541160819514	46.000325363967
1049	8.17445308336929	29.4678034996667
1050	3.57901123888255	29.4678034996667
1051	7.33239816805229	40.6759204073611
1052	28.5774873115784	40.6759204073611
1053	10.1186290155942	23.0164585762713
1054	20.2183801100631	23.0164585762713
1055	13.8380647684075	37.7053159337427
1056	11.7515995986094	37.7053159337427
1057	12.2393195741074	6.78609313129942
1058	10.2162468023327	6.78609313129942
1059	1.21726128648656	14.8194845949689
1060	68.8375536866632	14.8194845949689
1061	10.0678342774103	34.7011248826091
1062	36.7365684192747	34.7011248826091
1063	2.57915286744923	5.66211959805887
1064	5.15955902204849	5.66211959805887
1065	5.34643141224744	21.6814145228574
1066	23.4679948382528	21.6814145228574
1067	0.701190568873628	10.1240147805979
1068	79.5919435645901	10.1240147805979
1069	25.5131644994931	11.2479922949103
1070	5.61627065427845	11.2479922949103
1071	33.6356073035644	4.67242164543847
1072	5.64639221009055	4.67242164543847
1073	12.7622307096162	21.1576388712363
1074	37.2851624124077	21.1576388712363
1075	7.6978669583833	17.2248187679784
1076	47.1908543041533	17.2248187679784
1077	0.642125385215031	23.1822657757974
1078	15.2223217319984	23.1822657757974
1079	17.7348037736865	60.4147766910845
1080	5.300179764615	60.4147766910845
1081	30.3433254789619	63.5345745387645
1082	3.64558580632209	63.5345745387645
1083	17.7881597479316	18.8479031814812
1084	4.62869846523408	18.8479031814812
1085	5.05339554643149	10.485098326573
1086	35.0188694467605	10.485098326573
1087	46.4978238011183	26.675362446547
1088	26.182593659154	26.675362446547
1089	14.9165828760226	60.2393382840171
1090	28.7357058464387	60.2393382840171
1091	2.05648997752808	38.2759082093995
1092	26.2208263495249	38.2759082093995
1093	22.5542061766351	23.3285909001407
1094	11.6473656116207	23.3285909001407
1095	3.49423768576589	38.607029452802
1096	10.581318210073	38.607029452802
1097	39.7052315703091	36.1096593173144
1098	16.0307975176668	36.1096593173144
1099	9.11608295227022	12.4596357337496
1100	16.3218172502744	12.4596357337496
1101	23.1791095738794	57.0751780759846
1102	2.36461143914588	57.0751780759846
1103	10.5009251733388	3.06835650554339
1104	45.4139401586629	3.06835650554339
1105	78.2692550618083	18.2495433307751
1106	19.8365969308733	18.2495433307751
1107	15.8415851678828	29.2812864133688
1108	2.95151502801403	29.2812864133688
1109	2.28986926459767	51.7808766519907
1110	20.5613253026335	51.7808766519907
1111	81.3284636780939	18.7633144765712
1112	26.8468691075803	18.7633144765712
1113	35.6633292850873	0.642125385215031
1114	12.1624897628801	0.642125385215031
1115	1.50536208688847	32.9559226637384
1116	15.2488973116255	32.9559226637384
1117	19.8619185791301	38.5681445438155
1118	2.11087357138518	38.5681445438155
1119	59.0057709670422	11.7668943771457
1120	22.3596893720727	11.7668943771457
1121	1.86686541158014	13.0354508472502
1122	6.87895602791555	13.0354508472502
1123	4.33322470492445	23.8357542865784
1124	23.0566787886352	23.8357542865784
1125	15.4010651023738	29.4711464912192
1126	17.7553907041132	3.57901123888255
1127	5.2387724868467	3.57901123888255
1128	27.6725743239642	27.3657781933796
1129	2.46947956009457	50.6564400725987
1130	21.2802611039284	50.6564400725987
1131	17.9522116250286	34.8316345335339
1132	16.817924343405	34.8316345335339
1133	6.44544344943449	41.9982145905459
1134	59.5706044430576	41.9982145905459
1135	3.23445481166707	49.2797827720787
1136	31.9249259584797	49.2797827720787
1137	28.4272016842164	29.1006386945318
1138	13.9070493832966	29.1006386945318
1139	31.2304689320839	25.1508785026056
1140	49.9441580942008	25.1508785026056
1141	20.4488804716301	23.9436475643877
1142	8.41415406910415	23.9436475643877
1143	41.7073599828039	7.31756976338558
1144	34.4648429890733	7.31756976338558
1145	22.3314727555989	6.38922210547171
1146	33.3212808397947	6.38922210547171
1147	5.2093722960858	2.28986926459767
1148	41.1695146466649	2.28986926459767
1149	38.5227597198125	25.0991134612617
1150	28.0295586583994	25.0991134612617
1151	3.26259663015061	33.0603727639663
1152	16.0441408259633	33.0603727639663
1153	31.0056083853608	5.300179764615
1154	6.03391013912294	5.300179764615
1155	74.931329085051	1.50536208688847
1156	41.2361136778436	1.50536208688847
1157	22.9090002553092	22.0832791715832
1158	14.000638155042	22.0832791715832
1159	31.9173702959109	19.1833544571343
1160	21.2419180129618	19.1833544571343
1161	13.8708956207954	2.11087357138518
1162	21.3408590219596	2.11087357138518
1163	12.0117528119011	36.0194892068857
1164	42.9898410179131	36.0194892068857
1165	17.7540599880175	5.64058183684423
1166	36.1415923570285	5.64058183684423
1167	6.31070674774309	37.651809120258
1168	22.9328919253037	37.651809120258
1169	22.3890008702004	22.3073655866967
1170	63.4253998331104	22.3073655866967
1171	30.5318278661118	27.0840557205664
1172	33.3582106903112	27.0840557205664
1173	6.51266197093594	21.8391904043321
1174	7.39104751384161	21.8391904043321
1175	42.8650594677745	7.33239816805229
1176	13.241910901259	7.33239816805229
1177	26.6684694407268	2.46947956009457
1178	10.8654791926621	2.46947956009457
1179	30.4270805572738	72.6248630866066
1180	12.9750714623133	72.6248630866066
1181	13.3381497636906	51.1061988789345
1182	2.49931746248426	51.1061988789345
1183	18.4545228030324	6.47430396713321
1184	1.16087983956435	6.47430396713321
1185	10.9072411185334	64.1011777397698
1186	6.1642856895057	64.1011777397698
1187	3.60243039270067	41.295181495575
1188	6.4278995267175	41.295181495575
1189	42.6627847422211	15.2226255148238
1190	17.5988345321901	5.34643141224744
1191	46.0485272661934	5.34643141224744
1192	26.963526771479	22.3820702422352
1193	18.9104136643896	22.3820702422352
1194	5.26774333590519	2.95151502801403
1195	60.2578549767159	2.95151502801403
1196	16.9400566163867	27.2552730801308
1197	38.3487321404421	27.2552730801308
1198	50.3688543486364	19.5693951625721
1199	31.558377635712	19.5693951625721
1200	3.46178761039023	18.2913154236222
1201	25.3961339233615	18.2913154236222
1202	23.320405219562	22.0157510075922
1203	25.5751273081131	22.0157510075922
1204	13.1507734192928	27.2405195101402
1205	1.46260777439726	27.2405195101402
1206	19.7205693859729	4.33322470492445
1207	12.2813591970834	4.33322470492445
1208	4.46767215074633	43.3618245297363
1209	47.4627029956222	43.3618245297363
1210	6.48026680847726	18.6211814276405
1211	6.36871990151309	18.6211814276405
1212	5.34418914944052	8.17445308336929
1213	6.71901358890517	8.17445308336929
1214	17.6690250340874	19.9863483163897
1215	36.8216730653821	19.9863483163897
1216	3.02839183542191	83.4377804393161
1217	12.2332526325061	83.4377804393161
1218	39.6291160748854	36.1389640290006
1219	54.5531769199062	36.1389640290006
1220	16.3976489989288	20.9737063094304
1221	11.8179561031891	20.9737063094304
1222	18.1930098551669	21.7269240423948
1223	27.7436059158463	21.7269240423948
1224	6.81867318449121	24.0199272381136
1225	69.8344962182983	24.0199272381136
1226	17.5477669940542	35.1100545799185
1227	5.33541172412015	35.1100545799185
1228	32.6834734596917	44.020357782363
1229	33.9896023592716	44.020357782363
1230	4.88920086213948	22.2949714012247
1231	27.5640489255679	22.2949714012247
1232	24.806494118395	12.9479551741357
1233	43.6220302010069	12.9479551741357
1234	5.47244097503788	10.032965139985
1235	40.0183135937654	10.032965139985
1236	36.6050204806457	13.0685268266209
1237	28.3879624788861	13.0685268266209
1238	10.7712063546148	24.3543246550249
1239	43.2937602537812	24.3543246550249
1240	34.9994335042573	7.6978669583833
1241	7.97721010074386	7.6978669583833
1242	63.3794663364191	18.2198424726467
1243	63.0334463345796	18.2198424726467
1244	13.2432987265868	37.1752804299925
1245	41.7906972043014	37.1752804299925
1246	8.78337770978697	12.6272556502513
1247	38.4220415882172	12.6272556502513
1248	11.0082844203127	27.4565295862919
1249	41.9711218582065	27.4565295862919
1250	5.13290649104686	44.1315404377275
1251	2.13347158370462	44.1315404377275
1252	32.7342533892468	13.144135919049
1253	27.2363716340427	13.144135919049
1254	23.8029350177598	16.1878857008637
1255	17.2538790599525	30.0915687458479
1256	1.54080639143303	30.0915687458479
1257	7.01280825129498	10.0678342774103
1258	52.0554048706059	10.0678342774103
1259	12.8916897338814	53.7788645942517
1260	4.8425276602245	53.7788645942517
1261	29.9781468758789	17.800000048185
1262	27.4268834489608	17.800000048185
1263	75.8087937485681	24.1552827633508
1264	40.6670727079944	24.1552827633508
1265	46.4622229327233	24.5193274941187
1266	38.5654730386746	24.5193274941187
1267	73.5109317281317	11.8670998086692
1268	56.3156511150471	11.8670998086692
1269	4.00202711487667	6.03391013912294
1270	45.3861602892968	6.03391013912294
1271	18.9170304923524	6.31070674774309
1272	50.6264076443993	6.31070674774309
1273	4.79348753577227	35.0166402643711
1274	12.6615215158405	35.0166402643711
1275	6.93979079355063	6.51266197093594
1276	4.28239902519789	6.51266197093594
1277	11.3936776592451	3.02839183542191
1278	55.5018537573338	3.02839183542191
1279	0.647628183133907	42.5249638776738
1280	5.45705289817056	42.5249638776738
1281	27.7342816903706	11.7515995986094
1282	28.913155158819	11.7515995986094
1283	23.6478205375909	6.1642856895057
1284	9.02859689876428	6.1642856895057
1285	26.7218557956668	1.54080639143303
1286	8.77741704296763	1.54080639143303
1287	11.1379794818302	49.9561807229023
1288	0.589926061254815	49.9561807229023
1289	31.5271217098297	31.4639753242863
1290	7.22513901608334	31.4639753242863
1291	16.6897674401499	12.7622307096162
1292	19.6939882247416	12.7622307096162
1293	41.1611440885384	25.0342215985498
1294	9.5704155018584	25.0342215985498
1295	3.97585132219247	54.7736040348049
1296	26.8579022692785	54.7736040348049
1297	16.4154897105987	31.9406448556119
1298	4.17920637542377	31.9406448556119
1299	17.5367662218615	7.39104751384161
1300	15.2692743053222	7.39104751384161
1301	16.4835911219301	26.2850793039148
1302	20.9639961642508	26.2850793039148
1303	52.2275686582514	13.8380647684075
1304	3.13058765446492	13.8380647684075
1305	25.2597470601074	57.4079263611842
1306	7.23763145517385	57.4079263611842
1307	22.7537858615866	23.1650075100397
1308	34.5101728389012	23.1650075100397
1309	27.7515690083287	17.2187997076055
1310	10.7242431915279	17.2187997076055
1311	22.139267312653	26.9168335212345
1312	0.268072699241735	26.9168335212345
1313	12.2131951202175	5.47244097503788
1314	6.42243133214152	5.47244097503788
1315	32.0010851981655	23.7775305006941
1316	1.18875947860104	23.7775305006941
1317	21.894562003842	0.589926061254815
1318	7.85644688733648	0.589926061254815
1319	48.1949958503797	24.8357437098781
1320	99.0528079184793	24.8357437098781
1321	16.8370503053449	16.0060506596138
1322	35.694727364478	16.0060506596138
1323	5.2061407362007	15.2223217319984
1324	10.8886055316242	15.2223217319984
1325	3.65674302089766	60.5066368789019
1326	28.3950778295175	60.5066368789019
1327	48.8409680122452	17.6143459811278
1328	4.15967641212469	15.9217372355418
1329	2.01576119041739	15.9217372355418
1330	27.4559805910194	33.5152042777472
1331	8.09456407028174	33.5152042777472
1332	10.2634403198323	23.7146379469662
1333	37.0884422361731	23.7146379469662
1334	21.8681912477457	0.268072699241735
1335	55.4212628019305	0.268072699241735
1336	45.02682527925	10.9072411185334
1337	29.6921792006012	10.9072411185334
1338	4.84474937564797	42.3324224998944
1339	20.3655553147027	42.3324224998944
1340	18.5153698619697	7.97721010074386
1341	14.3937508588027	7.97721010074386
1342	0.897680363443698	3.65674302089766
1343	41.2546155297138	3.65674302089766
1344	57.7451635400807	17.7348037736865
1345	14.8124193940866	17.7348037736865
1346	27.595913961541	19.4427146171423
1347	26.0955371234595	19.4427146171423
1348	12.4934424915163	26.4993646530128
1349	20.8937235778938	26.4993646530128
1350	25.7975998962417	50.6580143494018
1351	20.2273139242226	50.6580143494018
1352	27.076591013744	3.13058765446492
1353	43.1390376539988	3.13058765446492
1354	32.9050139577931	29.3645386441361
1355	32.9647770118916	29.3645386441361
1356	11.0908177736483	13.9070493832966
1357	0.421236841381823	13.9070493832966
1358	4.5372069370473	45.3735805719289
1359	41.3383078612401	45.3735805719289
1360	18.0904122633878	43.5025719885902
1361	31.6086592526885	43.5025719885902
1362	4.79245543640306	15.8415851678828
1363	29.8167387965108	15.8415851678828
1364	31.8824710538274	29.2389156118223
1365	6.88777134616896	29.2389156118223
1366	35.7211140713303	28.2108655310105
1367	4.1217402645364	28.2108655310105
1368	27.7455869604266	30.1327655415821
1369	58.5909483724444	30.1327655415821
1370	11.7630954605854	15.2488973116255
1371	70.6414760466826	15.2488973116255
1372	5.86951149291246	22.5342563123984
1373	14.595529680937	22.5342563123984
1374	7.7795982811036	65.4309149664576
1375	19.0792246790266	65.4309149664576
1376	8.55238077165941	47.8885479620382
1377	40.5198795429028	47.8885479620382
1378	28.4560485974587	27.7801846695573
1379	6.24613244442217	27.7801846695573
1380	11.8436993904983	20.7471896195349
1381	11.6585943274338	20.7471896195349
1382	19.1847344007156	41.3983874370375
1383	36.5954478859091	41.3983874370375
1384	7.7497817859918	30.8092475095241
1385	20.591573962529	30.8092475095241
1386	19.1880995531028	52.9228769580235
1387	0.679692419261322	52.9228769580235
1388	35.1778410177401	12.9750714623133
1389	25.0078408477234	12.9750714623133
1390	54.4751155159923	12.2332526325061
1391	51.8161797805118	12.2332526325061
1392	14.5219551693471	42.1872899989381
1393	15.9485189579146	42.1872899989381
1394	36.0722612604376	16.817924343405
1395	5.22393701664046	16.817924343405
1396	20.1906905780099	11.8179561031891
1397	29.812830502447	11.8179561031891
1398	65.6288035405357	0.421236841381823
1399	18.1947528281522	0.421236841381823
1400	35.5442274281845	9.02859689876428
1401	12.7308518798137	9.02859689876428
1402	47.7051698544969	26.3686984829906
1403	3.8777261331098	26.3686984829906
1404	44.8698472225871	32.2768443337038
1405	4.2956042837458	32.2768443337038
1406	10.7339007391974	11.3936776592451
1407	41.4933081230199	11.3936776592451
1408	8.26573365167641	37.0653669194857
1409	9.26737344722021	37.0653669194857
1410	55.714936309723	17.9522116250286
1411	10.9754234151591	17.9522116250286
1412	40.8050341969353	44.4629347788603
1413	5.92730898228577	44.4629347788603
1414	3.65575632778034	4.5372069370473
1415	29.3573143013829	4.5372069370473
1416	17.1388737503156	28.1761975870624
1417	35.4896337465961	28.1761975870624
1418	10.7881732585868	20.5613253026335
1419	14.7293009320464	20.5613253026335
1420	8.63978954869503	38.3777784918561
1421	15.3698757027782	38.3777784918561
1422	31.0141828468683	41.333141249012
1423	18.5403262332712	41.333141249012
1424	15.5277942931119	4.1217402645364
1425	13.5224309557008	4.1217402645364
1426	23.8461975961379	9.5704155018584
1427	17.6223771487497	9.5704155018584
1428	29.0184147928983	19.8619185791301
1429	25.2365985093133	19.8619185791301
1430	6.80410904749755	17.7540599880175
1431	20.0329555231698	17.7540599880175
1432	20.5726695520707	33.7563339182441
1433	16.603372839938	33.7563339182441
1434	5.38219603531793	34.7943401571774
1435	12.153689329122	34.7943401571774
1436	3.72250607704711	40.1643820840812
1437	4.75658672092126	40.1643820840812
1438	37.7138185586417	16.3976489989288
1439	42.9412230137796	16.3976489989288
1440	14.8831909614149	34.5126753166845
1441	30.6743054359981	34.5126753166845
1442	9.31314862203692	10.7242431915279
1443	16.5074313856458	10.7242431915279
1444	0.63727742063428	27.9255974275153
1445	14.0639378060465	27.9255974275153
1446	10.1397477346302	23.4679948382528
1447	31.831434964022	23.4679948382528
1448	10.584656707556	11.1379794818302
1449	9.65668937119205	11.1379794818302
1450	58.3183265546372	32.6572778417986
1451	43.3635101036322	32.6572778417986
1452	20.6319639296904	5.86951149291246
1453	10.4646611486923	5.86951149291246
1454	26.3754029711763	7.7795982811036
1455	8.72976000746628	7.7795982811036
1456	8.58424664120815	21.2419180129618
1457	28.6692716471894	21.2419180129618
1458	19.4073327348551	23.0566787886352
1459	42.2175052740717	28.017088823656
1460	41.9394525216571	28.017088823656
1461	36.0184891815358	21.2802611039284
1462	15.0297283955986	21.2802611039284
1463	10.4685823447115	18.1930098551669
1464	28.731861051314	18.1930098551669
1465	28.7976586514931	0.63727742063428
1466	12.806696224592	17.2538790599525
1467	18.0653896404706	17.2538790599525
1468	36.1556330365245	6.88777134616896
1469	31.346009899846	6.88777134616896
1470	32.8584287798109	31.3750919789078
1471	7.71257612276749	31.3750919789078
1472	10.710182067538	32.3791614112141
1473	55.8394858128228	32.3791614112141
1474	12.2392527907154	36.361186605072
1475	7.20480883998511	36.361186605072
1476	5.92626541030688	33.7642868116971
1477	1.75528258938527	33.7642868116971
1478	54.5752152457461	29.7053148477934
1479	5.99376267760887	29.7053148477934
1480	30.4052969834761	49.0595905358968
1481	2.10717746483887	49.0595905358968
1482	13.3442104248213	8.55238077165941
1483	26.1227877865469	8.55238077165941
1484	63.3982459750118	26.4230017341285
1485	5.03878825441291	26.4230017341285
1486	48.6612107306098	27.8483509191593
1487	10.3013161583073	27.8483509191593
1488	40.374969912733	39.9546758646344
1489	10.3490242131617	39.9546758646344
1490	2.92102895874151	28.5774873115784
1491	37.4999096249292	28.5774873115784
1492	20.5414548902015	54.8454335861072
1493	18.270908534679	54.8454335861072
1494	15.4845015120478	11.0908177736483
1495	38.6785169902503	11.0908177736483
1496	24.3001132186771	22.3314727555989
1497	12.0632225175156	22.3314727555989
1498	34.5592004595012	36.0340618619685
1499	24.4302436497741	36.0340618619685
1500	31.9192785308749	2.10717746483887
1501	6.17460482767062	2.10717746483887
1502	5.2893672208416	47.2090897877911
1503	20.435775213267	47.2090897877911
1504	12.1573030273333	12.4934424915163
1505	4.99554143940403	12.4934424915163
1506	52.1344773598769	56.12132756583
1507	21.7802964178698	56.12132756583
1508	16.0396654888908	22.9328919253037
1509	7.54586119500739	22.9328919253037
1510	1.57721271398164	26.182593659154
1511	11.0850952609132	26.182593659154
1512	24.2653611411787	65.5539193384553
1513	17.7222636952576	65.5539193384553
1514	17.880950034017	41.6194971441168
1515	39.5941856121849	41.6194971441168
1516	7.37752296757811	16.6897674401499
1517	65.3039395691782	26.8468691075803
1518	36.6534290143269	11.7630954605854
1519	47.0772981788696	11.7630954605854
1520	24.143662481936	23.320405219562
1521	0.0829074353191039	23.320405219562
1522	30.3300338985577	5.03878825441291
1523	54.4804299613565	5.03878825441291
1524	13.4273949085278	18.9170304923524
1525	15.8985348365184	43.3581840330833
1526	49.6344519326496	43.3581840330833
1527	13.7115208154534	49.8645182775078
1528	2.59182140271048	49.8645182775078
1529	14.1949630256002	75.3037957450429
1530	33.0521193446667	75.3037957450429
1531	8.8565044735396	62.9909921669097
1532	42.5387588813829	62.9909921669097
1533	43.789174330601	75.5378708347464
1534	3.91731072009533	75.5378708347464
1535	17.0039437639235	28.4272016842164
1536	18.8471754609406	28.4272016842164
1537	43.6050096253306	40.7059579066832
1538	35.3516090295275	40.7059579066832
1539	17.3320297040689	41.7196268204202
1540	15.6280498649832	41.7196268204202
1541	14.0852614783538	19.6939882247416
1542	33.1401568962861	19.6939882247416
1543	11.7030849450517	43.8217254564714
1544	32.3005223841905	43.8217254564714
1545	1.00292696413886	43.2321834717828
1546	17.5637290902195	43.2321834717828
1547	4.63935089390485	14.8124193940866
1548	8.31206687681888	14.8124193940866
1549	3.97812531514159	14.595529680937
1550	27.5739371165107	14.595529680937
1551	15.0404551017271	34.5107765623529
1552	6.39841274969841	34.5107765623529
1553	16.5024231611369	0.0829074353191039
1554	38.918894636117	25.5751273081131
1555	10.5154059274715	25.5751273081131
1556	4.58185201088684	50.7733393356867
1557	0.992606294408027	50.7733393356867
1558	25.8302259472286	40.0691762934712
1559	9.22482087370573	40.0691762934712
1560	24.5703962736117	31.2304689320839
1561	28.7933545816295	31.2304689320839
1562	10.9451188310418	94.591983892897
1563	10.6273655971969	94.591983892897
1564	6.95031238367889	6.17460482767062
1565	27.9710763497829	6.17460482767062
1566	14.5373217249415	5.2893672208416
1567	27.0688700656017	5.2893672208416
1568	54.7516043709079	4.99554143940403
1569	36.8958875922332	4.99554143940403
1570	6.5401399597121	8.72976000746628
1571	3.99521808282963	8.72976000746628
1572	68.229321580162	8.58424664120815
1573	43.0586279493844	8.58424664120815
1574	32.7896943764908	7.54586119500739
1575	47.6232326550266	7.54586119500739
1576	7.49590972689736	54.2963424918041
1577	17.209555800881	54.2963424918041
1578	6.26067202864896	68.2208344623666
1579	3.78815061033414	68.2208344623666
1580	14.9216517230542	30.5318278661118
1581	10.3713571733019	30.5318278661118
1582	3.75719366459321	0.992606294408027
1583	6.25422477417419	0.992606294408027
1584	9.92578341184563	27.7436059158463
1585	8.49647771006186	22.139267312653
1586	26.4205554658612	22.139267312653
1587	34.2635785019728	23.6478205375909
1588	16.0355495585086	23.6478205375909
1589	7.69761450342938	36.7365684192747
1590	30.3435831688273	36.7365684192747
1591	12.6325606176034	18.0904122633878
1592	28.0570191901278	18.0904122633878
1593	10.7746885672248	61.1208335254518
1594	23.8681699729343	61.1208335254518
1595	15.882871440319	57.8823392833663
1596	13.3202153658978	57.8823392833663
1597	4.71166369925614	10.710182067538
1598	3.93233677618006	10.710182067538
1599	10.4198220177342	13.5224309557008
1600	48.405928532466	13.5224309557008
1601	30.3816176758168	31.0056083853608
1602	19.9828934857357	31.0056083853608
1603	14.755077624187	19.0792246790266
1604	20.4340598242511	19.0792246790266
1605	0.662994613561132	31.9173702959109
1606	14.1376517339025	31.9173702959109
1607	25.5022003478463	3.78815061033414
1608	9.87841782014767	3.78815061033414
1609	29.3651746604047	10.3490242131617
1610	16.2893263563053	10.3490242131617
1611	3.74028248519671	30.4270805572738
1612	22.7526886202867	30.4270805572738
1613	1.31561661775532	52.6211230275966
1614	19.3035681694588	52.6211230275966
1615	56.5116818940877	14.0639378060465
1616	43.1753296169792	14.0639378060465
1617	32.4970152547854	33.3212808397947
1618	20.5694896362611	33.3212808397947
1619	37.3077137911602	27.4268834489608
1620	10.1492840617383	27.4268834489608
1621	44.674759697707	15.5277942931119
1622	49.0231730926303	15.5277942931119
1623	15.0902321793807	31.558377635712
1624	61.683862485793	31.558377635712
1625	6.10793539436452	37.2851624124077
1626	30.0202662664488	37.2851624124077
1627	7.50605111893028	20.8937235778938
1628	24.8716437470936	20.8937235778938
1629	7.35968964033106	48.0833536367654
1630	23.217010957605	48.0833536367654
1631	40.6407436723972	0.662994613561132
1632	9.02956788496516	0.662994613561132
1633	24.5781932600305	33.3582106903112
1634	12.723358204724	33.3582106903112
1635	44.6244000774145	4.58185201088684
1636	31.5460019529838	4.58185201088684
1637	31.116628603976	27.7342816903706
1638	5.81265272070452	27.7342816903706
1639	5.94701769305248	32.6834734596917
1640	2.77492713623892	32.6834734596917
1641	8.7973829041581	29.9781468758789
1642	12.0546995374952	29.9781468758789
1643	13.698857024163	36.1415923570285
1644	33.5796132844726	36.1415923570285
1645	25.8430500672415	6.26067202864896
1646	14.0659018182627	6.26067202864896
1647	21.061501899809	28.913155158819
1648	38.9212644919403	28.913155158819
1649	2.48022187549325	50.7186366369201
1650	33.3183233524284	50.7186366369201
1651	45.4623010359247	27.7515690083287
1652	26.6105171664519	27.7515690083287
1653	12.3252408547256	52.9527968400116
1654	27.9334061627702	52.9527968400116
1655	7.05460818418977	33.9896023592716
1656	14.7824428380873	33.9896023592716
1657	21.0229572988211	50.8947809785838
1658	13.6106322261862	50.8947809785838
1659	49.3969145378378	11.7030849450517
1660	17.1615788583035	11.7030849450517
1661	23.7905609020492	28.3950778295175
1662	31.4004355031649	28.3950778295175
1663	24.4083168482666	45.5561657023597
1664	19.1158166116426	45.5561657023597
1665	29.5702541675653	12.1573030273333
1666	34.4515939595384	12.1573030273333
1667	14.0010187405757	10.5154059274715
1668	36.8354323587829	10.5154059274715
1669	7.29238687404424	60.4195422538733
1670	3.40615507086508	60.4195422538733
1671	31.9564383574759	6.10793539436452
1672	20.7250774799596	6.10793539436452
1673	13.132874741282	34.9994335042573
1674	27.6581630820409	34.9994335042573
1675	2.08759565269689	41.2361136778436
1676	34.9726095847561	41.2361136778436
1677	14.4126455640318	7.50605111893028
1678	30.2570811715925	7.50605111893028
1679	5.05466706953003	16.0396654888908
1680	20.9297336157209	16.0396654888908
1681	27.2580455126233	29.6921792006012
1682	12.269991630425	29.6921792006012
1683	25.4485407083766	51.8233611649932
1684	8.11660089556331	51.8233611649932
1685	7.21998501864742	10.9451188310418
1686	15.5702853386951	10.9451188310418
1687	14.3729115922105	10.6273655971969
1688	7.42612855640146	10.6273655971969
1689	9.54853561802105	55.7078073666846
1690	49.2532081403898	55.7078073666846
1691	30.8938638885557	48.2339227424167
1692	5.33899744937133	48.2339227424167
1693	5.23111154769735	17.0039437639235
1694	19.2390942036756	17.0039437639235
1695	37.5783959214266	17.880950034017
1696	48.3792894598246	17.880950034017
1697	15.8990526633899	12.6325606176034
1698	27.9768107869546	12.6325606176034
1699	25.7810818627999	40.0183135937654
1700	13.0910685251872	40.0183135937654
1701	1.78639243211677	38.5654730386746
1702	21.2028284749988	38.5654730386746
1703	57.8586151008291	47.1908543041533
1704	24.909496843676	47.1908543041533
1705	5.19756766950722	46.4978238011183
1706	14.1140374210824	46.4978238011183
1707	1.33551284463598	87.1112209304421
1708	1.92419366756221	87.1112209304421
1709	27.8002313246466	18.8471754609406
1710	14.9269859980962	18.8471754609406
1711	0.977731251288695	31.6086592526885
1712	17.0851540652296	31.6086592526885
1713	39.1669732723464	31.8824710538274
1714	22.1242353275586	31.8824710538274
1715	4.95276740369394	40.6670727079944
1716	10.6830816709655	40.6670727079944
1717	7.67161798962887	20.435775213267
1718	56.1839083994972	20.435775213267
1719	42.3413943184971	14.755077624187
1720	33.581217771361	14.755077624187
1721	17.901235721518	14.1376517339025
1722	53.7724474847243	14.1376517339025
1723	31.913665843052	77.2991003473929
1724	5.37761418238969	77.2991003473929
1725	15.4596747474543	1.33551284463598
1726	28.735054536463	1.33551284463598
1727	5.25616951382425	1.92419366756221
1728	9.4992920057201	1.92419366756221
1729	8.1802006067603	0.977731251288695
1730	60.4330105235454	0.977731251288695
1731	17.4325354573739	26.3754029711763
1732	6.24343351381087	26.3754029711763
1733	30.2794103652069	49.9441580942008
1734	3.54165250231805	49.9441580942008
1735	42.9633980133007	35.7211140713303
1736	7.91353373098568	35.7211140713303
1737	36.5832882847671	41.1611440885384
1738	22.0854483499177	41.1611440885384
1739	5.47353107741002	24.143662481936
1740	38.7097418672994	24.143662481936
1741	35.5254139864911	28.6692716471894
1742	38.1105230367863	28.6692716471894
1743	25.3351338386891	67.0260224512032
1744	6.41449136705732	67.0260224512032
1745	25.9505926016191	5.25616951382425
1746	48.4421331035569	5.25616951382425
1747	10.8996821845136	50.3688543486364
1748	14.9118159204683	50.3688543486364
1749	19.3436782737219	46.4622229327233
1750	2.49906458346238	46.4622229327233
1751	24.4248491325733	9.54853561802105
1752	22.2322634445018	9.54853561802105
1753	7.73518831079272	20.4340598242511
1754	11.4775058058573	20.4340598242511
1755	31.9264457319701	62.0148200585837
1756	34.8597713913143	62.0148200585837
1757	14.6895746445795	30.4052969834761
1758	27.901152596358	30.4052969834761
1759	6.90204033948293	40.5198795429028
1760	21.0390572727478	40.5198795429028
1761	49.5207125784111	9.4992920057201
1762	21.6601557296481	9.4992920057201
1763	27.8753511481472	41.3383078612401
1764	19.8729377562163	41.3383078612401
1765	20.391413537715	19.1158166116426
1766	9.23571778488474	19.1158166116426
1767	27.5974327564789	31.9192785308749
1768	14.9342921312885	31.9192785308749
1769	2.44599266878464	45.02682527925
1770	23.5825161836833	45.02682527925
1771	1.83690755552417	7.91353373098568
1772	34.3882897146994	7.91353373098568
1773	5.97135349361674	24.8716437470936
1774	11.6611506377089	24.8716437470936
1775	11.6951995048865	50.6264076443993
1776	6.50851966110213	50.6264076443993
1777	45.7122705746881	28.0570191901278
1778	10.2242765328431	28.0570191901278
1779	16.3372029314348	32.3005223841905
1780	16.9456262062261	32.3005223841905
1781	11.9167329316602	52.2275686582514
1782	10.7033286198603	52.2275686582514
1783	8.53729713078482	15.4596747474543
1784	27.553729576598	15.4596747474543
1785	50.0321816505646	17.0851540652296
1786	31.0889246094348	17.0851540652296
1787	20.4819488125624	24.4083168482666
1788	23.6544482909228	24.4083168482666
1789	3.3788242807513	40.374969912733
1790	39.2480351482089	40.374969912733
1791	20.238649904201	55.5018537573338
1792	9.97606319012489	55.5018537573338
1793	16.9692925101782	30.0202662664488
1794	5.21165149697479	30.0202662664488
1795	15.1477834804244	39.5941856121849
1796	0.579051143329039	39.5941856121849
1797	3.79094573316805	38.918894636117
1798	65.542938388579	38.918894636117
1799	29.0889895026795	51.8161797805118
1800	16.460912897913	51.8161797805118
1801	14.4501092828316	24.909496843676
1802	2.90317347286836	24.909496843676
1803	33.2662248749963	14.6895746445795
1804	53.6170970945347	14.6895746445795
1805	5.25680645513066	57.7451635400807
1806	7.53000634633838	57.7451635400807
1807	8.18518580417636	54.4751155159923
1808	4.16881548365625	54.4751155159923
1809	11.0438904951535	74.931329085051
1810	46.7216178881107	74.931329085051
1811	14.7609164621092	28.735054536463
1812	8.48626249038121	28.735054536463
1813	17.6654592631068	55.8394858128228
1814	22.6109238029138	55.8394858128228
1815	25.038194894906	81.3284636780939
1816	8.64717593939651	81.3284636780939
1817	13.2240253680139	27.901152596358
1818	7.43379828676932	27.901152596358
1819	9.33603068109068	75.8087937485681
1820	3.97982737453927	75.8087937485681
1821	8.47106129031074	70.6414760466826
1822	24.8190587204135	70.6414760466826
1823	13.3292118350777	63.3982459750118
1824	5.78122525255725	63.3982459750118
1825	4.5588325641587	42.9633980133007
1826	24.6030237448928	42.9633980133007
1827	14.6747705371205	49.2532081403898
1828	22.4845468598345	49.2532081403898
